settings timebank 10000
settings time_per_move 500
settings max_rounds 165
settings your_bot player2
settings opponent_bot player1
setup_map super_regions 1 4 2 3 3 4 4 3 5 5 6 5 7 4 8 5 9 3 10 2 11 2 12 3 13 3 14 4
setup_map regions 1 1 2 1 3 1 4 1 5 1 6 2 7 2 8 2 9 2 10 2 11 2 12 3 13 3 14 3 15 3 16 4 17 4 18 4 19 5 20 5 21 5 22 5 23 5 24 5 25 6 26 6 27 6 28 6 29 6 30 7 31 7 32 7 33 7 34 7 35 8 36 8 37 8 38 8 39 8 40 8 41 9 42 9 43 9 44 9 45 9 46 10 47 10 48 10 49 10 50 11 51 11 52 11 53 11 54 12 55 12 56 12 57 12 58 12 59 13 60 13 61 13 62 14 63 14 64 14 65 14 66 14
setup_map neighbors 1 2,4,3 3 19,13,5,35,4,20 4 5 5 17,35,18,16 6 9 7 8 8 11,9,41 9 41,42,46,10 10 46 11 50,41 12 13,14 13 19,14 14 15,19,21,22 15 46,47 16 17,25 17 18,25,27,28 18 28,36,35 19 20,24,23,21 20 35,24 21 22,23 22 23 23 24,54,55 24 35,54 25 27,26,28 26 30,28,31,29 27 28 28 29,59,36 29 33,31,60,59 30 32,31 31 32,33 32 33,34 33 34,62,60 34 63,65,62 35 37,54,36 36 59,38,39,37 37 54,38 38 54,57,40,64,58,39 39 59,61,64,40 40 64 41 42,43,50 42 43,46,44,45 43 45,50 44 46,48,45 45 48,53,50 46 47,48 47 48 48 53,49 50 51,53,52 51 52 52 53 54 55,57 55 56,57 56 57 57 58 58 66,64 59 60,61 60 62,61 61 64,62 62 65,64 63 65 64 66
setup_map wastelands 4 10 14 32 41 43 45
settings starting_regions 5 7 15 18 21 29 33 40 42 49 53 55 60 62
settings starting_pick_amount 7
