settings timebank 10000
settings time_per_move 500
settings max_rounds 207
settings your_bot player2
settings opponent_bot player1
setup_map super_regions 1 2 2 6 3 0 4 3 5 4 6 0 7 4 8 6 9 6 10 3 11 5 12 2 13 4 14 0 15 3 16 3 17 2 18 1 19 4 20 2 21 0
setup_map regions 1 1 2 1 3 1 4 2 5 2 6 2 7 2 8 2 9 2 10 2 11 3 12 3 13 4 14 4 15 4 16 4 17 5 18 5 19 5 20 5 21 6 22 6 23 7 24 7 25 7 26 7 27 7 28 8 29 8 30 8 31 8 32 8 33 8 34 9 35 9 36 9 37 9 38 9 39 9 40 10 41 10 42 10 43 11 44 11 45 11 46 11 47 11 48 11 49 12 50 12 51 12 52 12 53 13 54 13 55 13 56 13 57 13 58 14 59 14 60 15 61 15 62 15 63 16 64 16 65 16 66 16 67 16 68 17 69 17 70 17 71 18 72 18 73 19 74 19 75 19 76 19 77 19 78 19 79 20 80 20 81 20 82 21 83 21
setup_map neighbors 1 2,8,5,22,21,3 2 4,5,3 3 5 4 6,7,5,11,12 5 7,9,34,8,6,43 6 7 7 12,49,15,10,43 8 34,35,36,22 9 34,43 10 49,15 11 13,14,12 12 15,14 13 17,23,24,28,15,14 14 15 15 49,29,16,28 16 32,49,29 17 18,19,20,24,23 18 19 19 40,24,20,41 20 24 21 22 23 24 24 30,28,26,27,25,53,40 25 40,53 26 27 27 53,62,31,61,30,71 28 29,30,31 29 32,31,33 30 31 31 61,60,33 32 69,70,50,51,60,33,49 33 60 34 43,36,59,58 35 36 36 39,38,37,58,59 37 38,64,65 38 39,63,65 39 59,63 40 54,41,53 41 42,54 42 54 43 49,44,45,59 44 49,45,50,47,46 45 59,46 46 59,47,48,63 47 79,52,48,50 48 63,65,67,79 49 50 50 68,51,52 51 68,70 52 68,75,79 53 54,55,56,71 54 56 55 56 56 72,71,57 57 72,76,78 58 59 59 63 60 62,73,69,61 61 62 62 72,71,76,73 63 65 64 66,65 65 67,66 66 67 68 75,74,70,73,69 69 73,70 71 72 72 76 73 77,74,76 74 77,75 75 79,80,77 76 77,78 77 81,80,78 78 81 79 82,83,80 80 83,81 82 83
setup_map wastelands 5 11 18 29 48 59 60 76 78
settings starting_regions 3 4 12 16 20 22 24 28 38 42 47 49 54 58 61 64 69 72 75 79 83
settings starting_pick_amount 8
