settings timebank 10000
settings time_per_move 500
settings max_rounds 137
settings your_bot player1
settings opponent_bot player2
setup_map super_regions 1 3 2 4 3 3 4 6 5 3 6 4 7 1 8 3 9 3 10 7 11 4 12 3
setup_map regions 1 1 2 1 3 1 4 1 5 2 6 2 7 2 8 2 9 2 10 2 11 3 12 3 13 3 14 3 15 4 16 4 17 4 18 4 19 4 20 4 21 5 22 5 23 5 24 6 25 6 26 6 27 6 28 7 29 7 30 7 31 8 32 8 33 8 34 8 35 8 36 9 37 9 38 9 39 10 40 10 41 10 42 10 43 10 44 10 45 10 46 11 47 11 48 11 49 11 50 11 51 11 52 12 53 12 54 12 55 12
setup_map neighbors 1 2 2 4,3 3 8,5,21,4 4 21 5 8,9,6 6 9,7 7 9,11,10 8 21,22,9,24 9 25,24,10 10 14,26,25,13,11 11 15,12,13 12 13,17,14,15 13 14 14 19,26,17 15 16,17 16 18,17 17 18,19,20,36,39,33 18 20 19 33,26 20 28,29,37,36 21 22,23 22 24,27,23 23 27 24 26,31,25,27,32 25 26 26 32,33 27 31,47,46 28 30,29 29 30 31 47,32,34,49 32 48,34,33,52,35 33 35,39 34 48,49 35 53,52,39 36 39,37,38 37 38 38 40,39 39 53,41,54,40 40 45,41,44 41 42,54,44 42 43,44,54,55 43 44,55 46 47 47 49,51,50 48 52,49 49 51 52 55,53,54 53 54 54 55
setup_map wastelands 10 34 47 50 52 53
settings starting_regions 2 8 13 18 22 24 28 33 37 39 51 55
settings starting_pick_amount 3
