settings timebank 10000
settings time_per_move 500
settings max_rounds 145
settings your_bot player2
settings opponent_bot player1
setup_map super_regions 1 5 2 3 3 3 4 3 5 6 6 6 7 6 8 4 9 3 10 3 11 4
setup_map regions 1 1 2 1 3 1 4 1 5 1 6 1 7 2 8 2 9 2 10 2 11 3 12 3 13 3 14 3 15 4 16 4 17 4 18 5 19 5 20 5 21 5 22 5 23 5 24 6 25 6 26 6 27 6 28 6 29 6 30 6 31 7 32 7 33 7 34 7 35 7 36 7 37 7 38 8 39 8 40 8 41 8 42 9 43 9 44 9 45 9 46 9 47 10 48 10 49 10 50 10 51 10 52 11 53 11 54 11 55 11 56 11 57 11 58 11
setup_map neighbors 1 11,2 2 3,5,11 3 4,5 4 9,24,7,6,5 5 25,14,11,6 6 25,24 7 9,19,18,8,10 8 10,15 9 19,24 10 38,18,15,16 11 14,13,26,12 12 13,26 14 26,25 15 17,16,39 16 38,39,40 17 39 18 38,20,19 19 24,20,49,47 20 49,38,40,22,21,41,23 21 22,51,49 22 51,23 23 41 24 47,25,48,49 25 27,29,48,49,50,26,30 26 28,27 27 29,30,28 29 30 30 50 31 43,32,33,34,44,45 32 33 33 34,35 34 45,44,36,35 35 37,36 36 56,55,37,46,44 37 56 38 40 39 41,40,42 40 41 41 53 42 43,44 43 44 44 45,46,52 46 55,52,54 47 49 48 49 49 50,51 50 51 52 53,54,57 54 55,58,57 55 58,56 56 58
setup_map wastelands 11 34 50 56
settings starting_regions 5 8 13 16 18 26 36 40 45 51 58
settings starting_pick_amount 5
