settings timebank 10000
settings time_per_move 500
settings max_rounds 190
settings your_bot player2
settings opponent_bot player1
setup_map super_regions 1 3 2 3 3 5 4 3 5 2 6 5 7 4 8 2 9 3 10 5 11 3 12 4 13 3 14 4 15 3 16 4
setup_map regions 1 1 2 1 3 1 4 1 5 1 6 1 7 2 8 2 9 2 10 2 11 2 12 3 13 3 14 3 15 3 16 3 17 4 18 4 19 4 20 4 21 4 22 5 23 5 24 5 25 5 26 6 27 6 28 6 29 6 30 6 31 6 32 6 33 7 34 7 35 7 36 7 37 7 38 8 39 8 40 8 41 8 42 9 43 9 44 9 45 9 46 10 47 10 48 10 49 10 50 10 51 10 52 10 53 11 54 11 55 11 56 12 57 12 58 12 59 12 60 12 61 13 62 13 63 13 64 14 65 14 66 14 67 14 68 14 69 15 70 15 71 15 72 16 73 16 74 16 75 16 76 16
setup_map neighbors 1 3,2 2 4,6,3 3 5,26,4 4 6,26 5 26 6 27,42,30,26 7 8,10 8 10,9 9 11,22,10 10 22,23 11 22 12 33,34,13,14,15 13 15,17,16,19 15 33,16 16 33,19,21,36,37 17 19,18 18 19,20,21 19 21 20 44,21 21 57,37,44 22 38,39,23,40 23 39,25,24 24 35,61 25 39 26 28,27,29,31 27 30,29 28 29,32,31 29 30,32 30 42,32 31 32 33 34,36 34 36,35 36 37,61 37 57,58,61 38 39 39 40,41 40 41 42 45,43,55 43 53,46,44,45 44 46 45 53,55 46 56,53,54,64,65,48 47 55,54,48 48 65,52,49,51,55,54,68 49 55,51 50 51 51 68,52 52 68 53 54,55 54 55 56 57,64 57 58,59 58 60,61,69,59 59 70,66,69 60 72,63,70,69,61,73 61 63,62 62 63 63 72 64 66,67,65,70 65 68,67 66 70 67 71,68,70 69 70 70 71,74,73 72 76,74,73,75 73 74 74 76
setup_map wastelands 9 14 45 46 48 66 70 76
settings starting_regions 3 11 13 20 24 28 35 39 44 51 54 60 62 67 71 72
settings starting_pick_amount 6
