settings timebank 10000
settings time_per_move 500
settings max_rounds 125
settings your_bot player1
settings opponent_bot player2
setup_map super_regions 1 4 2 2 3 6 4 3 5 4 6 4 7 3 8 1 9 3 10 2 11 1
setup_map regions 1 1 2 1 3 1 4 1 5 1 6 2 7 2 8 2 9 3 10 3 11 3 12 3 13 3 14 3 15 3 16 4 17 4 18 4 19 4 20 4 21 4 22 5 23 5 24 5 25 5 26 5 27 5 28 6 29 6 30 6 31 6 32 6 33 6 34 7 35 7 36 7 37 7 38 8 39 8 40 8 41 9 42 9 43 9 44 9 45 10 46 10 47 10 48 10 49 11 50 11
setup_map neighbors 1 2 2 4,5,35,34,3 3 4 4 22,5 5 35,22,26,36 6 9,16,8,17 7 16,14,12,8,9 8 16,9 9 10,11,12,13,14 11 12 12 14 13 14,15,45,32 14 15,18,20,16,21 15 45,21 16 18,17 18 19,20 19 20 20 21 22 23,38,26 23 38,25,24,39,27 24 28 25 27,41,28,31,43,49 26 38,40,36 27 39,49 28 31 29 32 30 32 31 32,46,41 32 45,33,46 33 45,46,47 34 35 35 36,37 36 37 38 39,40 39 49,40 40 50,49 41 42,46,43 42 46,43 43 46,47,49,44 44 47 45 48,47 46 47 47 48 49 50
setup_map wastelands 21 26 34 37 41
settings starting_regions 5 8 12 20 25 28 35 40 43 46 50
settings starting_pick_amount 4
