settings timebank 10000
settings time_per_move 500
settings max_rounds 152
settings your_bot player1
settings opponent_bot player2
setup_map super_regions 1 2 2 1 3 4 4 3 5 3 6 6 7 4 8 4 9 4 10 4 11 4 12 3
setup_map regions 1 1 2 1 3 1 4 1 5 1 6 2 7 2 8 2 9 3 10 3 11 3 12 3 13 3 14 3 15 4 16 4 17 4 18 4 19 4 20 5 21 5 22 5 23 5 24 5 25 6 26 6 27 6 28 6 29 6 30 6 31 7 32 7 33 7 34 7 35 8 36 8 37 8 38 8 39 9 40 9 41 9 42 9 43 9 44 9 45 9 46 10 47 10 48 10 49 10 50 10 51 10 52 10 53 11 54 11 55 11 56 11 57 11 58 11 59 12 60 12 61 12
setup_map neighbors 1 3,2,5,4 2 5 3 4,9 4 5,10,9 5 10 6 7,8,15 7 15 8 18,15 9 11,12,14,10 10 12,13,23 11 21,14 12 13,14 13 23,24,14 14 22,21,24 15 17,19,16,18 17 19,35,18,31 18 19,59,35,36 20 21 21 22,28 22 40,39,24 23 24,54 24 53,40,55,54 25 26,27,32,31 26 28,29,27,30 27 30,33,32 28 46,29 29 46,49,48,30 30 48,33 31 32,37,35,36,33 32 33 33 37,48,34 34 38,37 35 36 36 61,60,59,37,38 37 38 38 61 39 41,40,43,47 40 42,53,44,41 41 44,43,42,45,58 44 58,53 46 47,49,50 47 50 48 52,49,51 49 51,50 50 51 51 52 53 55,54,56,58 54 57,56,55 56 57,58 57 58 59 60 60 61
setup_map wastelands 6 19 26 34 44 48
settings starting_regions 5 8 10 16 23 30 31 37 45 49 55 60
settings starting_pick_amount 6
