settings timebank 10000
settings time_per_move 500
settings max_rounds 117
settings your_bot player2
settings opponent_bot player1
setup_map super_regions 1 1 2 4 3 6 4 2 5 4 6 2 7 2 8 3 9 3 10 4
setup_map regions 1 1 2 1 3 1 4 1 5 2 6 2 7 2 8 2 9 3 10 3 11 3 12 3 13 3 14 3 15 3 16 4 17 4 18 4 19 4 20 4 21 5 22 5 23 5 24 5 25 6 26 6 27 6 28 6 29 6 30 7 31 7 32 7 33 7 34 7 35 8 36 8 37 8 38 8 39 8 40 8 41 9 42 9 43 9 44 10 45 10 46 10 47 10
setup_map neighbors 1 6,2,5,3 2 5,7,3,6,4 3 4 4 7,35 5 11,14,7,6,8,9 7 8 8 14 9 10,11 10 12,11,13 11 12,14 12 13,14 13 15,14,20,18 14 15 16 18 17 21,19,18 18 19,20 19 24,22,20,21 20 24,30 21 23,22 22 23,24 23 24,32 24 31,30,32 25 26,28,29 26 27 27 35,29,41,42 28 29,41,42 29 42 30 33,31,34 31 32,34 32 34 33 37 35 41,36,37,38,39 36 37,39 37 40,39 38 41,39,44 39 40,46,47,44 41 43,42,44,45 43 44 44 47,45 45 47 46 47
setup_map wastelands 10 21 34 41 43
settings starting_regions 3 6 9 20 23 25 33 36 42 46
settings starting_pick_amount 3
