settings timebank 10000
settings time_per_move 500
settings max_rounds 185
settings your_bot player2
settings opponent_bot player1
setup_map super_regions 1 5 2 3 3 4 4 4 5 3 6 3 7 3 8 3 9 3 10 6 11 1 12 5 13 4 14 3 15 4 16 4
setup_map regions 1 1 2 1 3 1 4 1 5 1 6 1 7 2 8 2 9 2 10 3 11 3 12 3 13 3 14 4 15 4 16 4 17 4 18 5 19 5 20 5 21 5 22 6 23 6 24 6 25 6 26 7 27 7 28 7 29 7 30 8 31 8 32 8 33 8 34 9 35 9 36 9 37 9 38 9 39 10 40 10 41 10 42 10 43 10 44 10 45 11 46 11 47 11 48 12 49 12 50 12 51 12 52 12 53 12 54 12 55 13 56 13 57 13 58 13 59 13 60 13 61 14 62 14 63 14 64 14 65 14 66 15 67 15 68 15 69 15 70 16 71 16 72 16 73 16 74 16
setup_map neighbors 1 2,4 2 3,4,5,7 3 7 4 5,6,30 5 9,7,30 7 8,9 8 18,10,9 9 18,30,31 10 11,13,19,18 11 12,13 12 13,23,19,14 13 19 14 15,22,24,23 15 22,16,17 16 17 17 26,22,29,28 18 19,20,31,21,32 19 23,21 20 32,31 21 32 22 26,27,24,25 23 24,25,28,34 24 25 25 27,28 26 27,28 27 28 28 36,35,34,40,38,29,39 29 39 30 31,33 31 32,33 34 35 35 37,36 36 37,38 37 56,38,42 38 40,42 39 41,43,40,42 40 42 41 43 42 66,56,67,43 43 44,67,68 44 68 45 47,61,62 46 47 47 62 48 50,61,49 49 51,55,52,50 50 52,63,61,53 51 56,53,52,55 52 53 53 58,54,56,60,63 54 63,65,60 55 56 56 57,58,66 57 58,66,67,59 58 59,60 59 69,67,60 61 62,63 62 63,64 63 65,64 66 67 67 68,69,73 68 73,74,71 69 73 70 72 71 72,74 72 74 73 74
setup_map wastelands 13 24 29 31 40 43 50 72
settings starting_regions 1 8 11 16 19 23 28 33 34 44 46 53 60 64 67 71
settings starting_pick_amount 7
