settings timebank 10000
settings time_per_move 500
settings max_rounds 122
settings your_bot player2
settings opponent_bot player1
setup_map super_regions 1 3 2 4 3 4 4 4 5 2 6 1 7 3 8 5 9 4 10 2 11 1
setup_map regions 1 1 2 1 3 1 4 1 5 2 6 2 7 2 8 2 9 2 10 3 11 3 12 3 13 3 14 4 15 4 16 4 17 4 18 4 19 4 20 4 21 5 22 5 23 5 24 5 25 6 26 6 27 6 28 7 29 7 30 7 31 7 32 8 33 8 34 8 35 8 36 8 37 9 38 9 39 9 40 9 41 9 42 9 43 9 44 10 45 10 46 10 47 11 48 11 49 11
setup_map neighbors 1 2,5 2 3,5,10,4 3 7,5,4 4 10,11,7 5 6,7,8 7 11,13,8,9,32 9 32,20 10 11,25,12 11 12,32,33,13 12 25,33,47 13 32 14 15,16 15 18,16 16 17,19,18 17 38,44,19 18 20,37,19 19 38,37 21 28,22 22 23,28 23 30,31,28,24 24 31,49 25 26,27,28 26 28,27 27 29,30,28 28 29,30 29 30 30 48,47,31 31 49,48,47 32 35,36,34,33 33 36,47 35 36 36 47 37 40,39,43,38 38 44,40,42,41,45,43 39 43 40 43 41 42,45 42 45,43 44 45,46 45 46 47 48,49
setup_map wastelands 5 7 10 34 48
settings starting_regions 1 6 13 15 23 27 29 33 37 46 47
settings starting_pick_amount 5
