settings timebank 10000
settings time_per_move 500
settings max_rounds 187
settings your_bot player1
settings opponent_bot player2
setup_map super_regions 1 5 2 5 3 4 4 1 5 1 6 4 7 4 8 5 9 6 10 5 11 4 12 6 13 3 14 3 15 4
setup_map regions 1 1 2 1 3 1 4 1 5 1 6 1 7 2 8 2 9 2 10 2 11 2 12 2 13 3 14 3 15 3 16 3 17 3 18 4 19 4 20 4 21 5 22 5 23 5 24 6 25 6 26 6 27 6 28 6 29 7 30 7 31 7 32 7 33 7 34 8 35 8 36 8 37 8 38 8 39 8 40 9 41 9 42 9 43 9 44 9 45 9 46 10 47 10 48 10 49 10 50 10 51 10 52 11 53 11 54 11 55 11 56 12 57 12 58 12 59 12 60 12 61 12 62 12 63 13 64 13 65 13 66 13 67 14 68 14 69 14 70 14 71 15 72 15 73 15 74 15 75 15
setup_map neighbors 1 14,6,2,3 2 3 3 4,13,14 4 13 5 6 6 25,14,24 7 8,18,11,10,19,21 8 23,29,21,9,30,11 9 23,30 10 12,11,20,19 11 29,31,12 12 52,48,31 13 15,14 14 26,24,17,15 15 35,16,34,17 17 26,34 18 19 19 20 21 23 22 23 24 25,26,27 25 27 26 28,34,38,36,40,27,41,44 27 40 28 41,38,44 29 32,31,30,33 30 32,33,42 31 52,33 33 52 34 35,37,36 35 37 36 37,38,39 37 39 38 64,65,39,44 39 65 40 44,43 41 44 42 56,43,45 43 44,45 44 57,45,63,64,56 45 56 46 48,47 47 50,49,48,51 48 67,50,53 49 51 50 51,67 51 68,67 52 53,54 53 54,55,67 55 69,67 56 59,60,58,57 57 63,59,58,61,71,73 58 59 59 61,62,60 61 73,62 63 71,65,72,64 64 65 65 75,72,66 67 69,70,68 68 70 69 70 71 72,73 72 74,75,73 73 74 74 75
setup_map wastelands 13 17 23 66 68 75
settings starting_regions 1 7 16 19 22 27 30 39 45 50 54 62 63 69 71
settings starting_pick_amount 7
