settings timebank 10000
settings time_per_move 500
settings max_rounds 140
settings your_bot player2
settings opponent_bot player1
setup_map super_regions 1 2 2 4 3 3 4 2 5 2 6 1 7 3 8 3 9 2 10 3 11 3 12 6 13 4
setup_map regions 1 1 2 1 3 1 4 1 5 2 6 2 7 2 8 2 9 2 10 2 11 3 12 3 13 3 14 4 15 4 16 4 17 4 18 5 19 5 20 5 21 6 22 6 23 6 24 7 25 7 26 7 27 8 28 8 29 8 30 8 31 8 32 8 33 9 34 9 35 9 36 10 37 10 38 10 39 10 40 11 41 11 42 11 43 11 44 12 45 12 46 12 47 12 48 12 49 12 50 13 51 13 52 13 53 13 54 13 55 13 56 13
setup_map neighbors 1 2,15,14,3 2 3,4 3 4,19,20,18,15 4 19 5 6,11,7 6 7,8,19 7 8,13,11,9 8 9,19 9 10,13 10 13 11 12,13 12 13 14 15 15 17,18,21 16 17 17 21 18 20,22,24,21,19 19 24,20 21 22 22 23,24,25 23 40,36 24 25,41,26,44 25 41,40 26 45,44 27 28,29 28 29,31 29 30,46,31 30 46,48,31,32 31 32 33 34,50,35 34 50,53,52,35 35 52 36 37,40,38 37 38,55,54,53,51 38 55,43,39,40,41 39 41,43 40 41 41 44,42,43 42 43,44,47,48,49 43 49 44 46,48,47,45 45 46 46 48 47 48 48 49 50 51,53 51 53 52 53 53 55,54 54 55 55 56
setup_map wastelands 6 10 21 22 24 48
settings starting_regions 1 9 13 15 18 23 25 31 34 36 40 45 51
settings starting_pick_amount 5
