settings timebank 10000
settings time_per_move 500
settings max_rounds 167
settings your_bot player1
settings opponent_bot player2
setup_map super_regions 1 5 2 4 3 2 4 3 5 4 6 3 7 2 8 2 9 2 10 5 11 3 12 3 13 2 14 3 15 6
setup_map regions 1 1 2 1 3 1 4 1 5 1 6 2 7 2 8 2 9 2 10 2 11 3 12 3 13 3 14 3 15 4 16 4 17 4 18 4 19 5 20 5 21 5 22 5 23 6 24 6 25 6 26 6 27 7 28 7 29 7 30 7 31 8 32 8 33 8 34 8 35 9 36 9 37 9 38 9 39 10 40 10 41 10 42 10 43 10 44 11 45 11 46 11 47 11 48 11 49 12 50 12 51 12 52 13 53 13 54 13 55 13 56 14 57 14 58 14 59 14 60 14 61 15 62 15 63 15 64 15 65 15 66 15 67 15
setup_map neighbors 1 2,3 2 6,3 3 6,4,5,9,27 4 29,5,27 5 29,30 6 9,7 7 9,28,8,10 8 10 9 28,27 10 13,28 11 12,13,18 12 17,15,16,18 13 18,14 14 34,18,32,17 15 16 16 20,17,31 17 18,31,32 19 21,20,23,22 20 31,35,21 21 22,37,35,39,26 22 23,26 23 25,26,24 24 25 25 26,40,39 26 39 27 28,29 28 29,44 29 30,44 30 48 31 35,32,36 32 34,33,36 33 36,49,34 35 36,37 36 37,50,49 37 38,42,50,39 38 42,50 39 40,41,43,42 40 41 41 43 42 50,56 44 46,47,45 45 46,48 46 47,48,61 47 54,61,52,53,55 48 61,62 49 51,50,57 50 57,56 52 53 53 65,54,55 54 55 55 64,61,65 56 58,57 57 58,59 58 60 61 63,62,64 62 63,66 63 64,66,67 64 65,67
setup_map wastelands 7 16 26 36 50
settings starting_regions 4 6 12 18 20 24 28 31 38 39 45 51 54 56 66
settings starting_pick_amount 6
