settings timebank 10000
settings time_per_move 500
settings max_rounds 120
settings your_bot player2
settings opponent_bot player1
setup_map super_regions 1 5 2 2 3 6 4 5 5 4 6 3 7 3 8 3 9 4 10 5
setup_map regions 1 1 2 1 3 1 4 1 5 1 6 1 7 2 8 2 9 2 10 3 11 3 12 3 13 3 14 3 15 3 16 4 17 4 18 4 19 4 20 4 21 5 22 5 23 5 24 5 25 5 26 5 27 6 28 6 29 6 30 6 31 7 32 7 33 7 34 7 35 7 36 8 37 8 38 8 39 9 40 9 41 9 42 9 43 10 44 10 45 10 46 10 47 10 48 10
setup_map neighbors 1 2,3 2 7,16,3,9,4 3 5,6,4,16,20 6 20 7 9,8 8 12,10,11,13,9 9 11,17,16 10 13 11 12,21,17 12 13,22,21 13 14,15,21,22 14 15 15 24,21,30 16 17,18,19 17 18,21 18 31,21,19,20 19 20 20 32,33,31 21 22,23,31,26,25,24 23 26,24 24 26,43 25 31,26,40 26 41,40 27 30,29,28 28 29 29 30,36 30 37,44,43,36 31 33,32,40 32 33 33 35,34,39,40 35 40 36 38,37 37 38,44 38 48,47,44 39 40 40 41,42 43 44,45 44 46,45,47 45 46,47 46 47 47 48
setup_map wastelands 6 14 21 37 42
settings starting_regions 4 7 15 18 24 27 35 36 41 43
settings starting_pick_amount 5
