settings timebank 10000
settings time_per_move 500
settings max_rounds 115
settings your_bot player2
settings opponent_bot player1
setup_map super_regions 1 2 2 5 3 4 4 4 5 3 6 2 7 2 8 3 9 1 10 4 11 2
setup_map regions 1 1 2 1 3 1 4 2 5 2 6 2 7 2 8 2 9 2 10 3 11 3 12 3 13 3 14 3 15 4 16 4 17 4 18 4 19 4 20 5 21 5 22 5 23 5 24 6 25 6 26 6 27 7 28 7 29 7 30 7 31 8 32 8 33 8 34 9 35 9 36 9 37 10 38 10 39 10 40 10 41 10 42 10 43 11 44 11 45 11 46 11
setup_map neighbors 1 3,2,5 2 10,3,12,5,9,14 3 5 4 6,5 5 8,9,6,24 6 24,7 8 24,9,25,32,14 9 14 10 11,12 11 13,12,20 12 13,14,31 13 31,22 14 32,31 15 16,17,20 16 20,18,19,21,17 17 18,37,38 18 37,19 19 21,41,37,23,42 20 22,21 21 22,39,23 22 39 23 39,42 24 25,26 25 26,33,32 27 28,30,34 28 29,34 29 34 30 43,34 31 32 32 33 34 35,43,45,44 35 40,36,45,38 36 45 37 38,40,41 38 40 39 42 41 42 43 44,46,45 44 45 45 46
setup_map wastelands 10 19 20 29 46
settings starting_regions 3 4 14 17 21 26 27 33 34 42 43
settings starting_pick_amount 5
