settings timebank 10000
settings time_per_move 500
settings max_rounds 112
settings your_bot player1
settings opponent_bot player2
setup_map super_regions 1 6 2 2 3 3 4 6 5 4 6 2 7 2 8 3 9 3 10 2
setup_map regions 1 1 2 1 3 1 4 1 5 1 6 1 7 1 8 2 9 2 10 2 11 3 12 3 13 3 14 4 15 4 16 4 17 4 18 4 19 4 20 4 21 5 22 5 23 5 24 5 25 5 26 6 27 6 28 6 29 6 30 7 31 7 32 7 33 7 34 8 35 8 36 8 37 8 38 9 39 9 40 9 41 9 42 10 43 10 44 10 45 10
setup_map neighbors 1 8,4,2 2 3,4 3 4,12,5,6,11 4 8,11 6 12,7,34 7 12,14,17,34 8 9,11,10 9 10 10 11,15 11 15,14,13,12 12 13,14 13 14 14 19,17,16,15 15 16 16 20,19,22,23,21 17 18,34,19 18 19,38,36,34 19 20,40,23,39,38 20 23 21 22,25,29,28 22 24,23,25 23 24,40 24 25,41,40 25 29 26 27,43,44,42,28 27 43,30 28 42,29 29 42 30 31,43 31 32,43,33 32 33 33 44,43 34 36,35,37 35 37 36 39,37,38 37 39 38 39 39 40,41 40 41 42 44,45 43 44 44 45
setup_map wastelands 3 13 19 33 44
settings starting_regions 4 9 12 14 21 28 31 34 40 42
settings starting_pick_amount 3
