settings timebank 10000
settings time_per_move 500
settings max_rounds 162
settings your_bot player1
settings opponent_bot player2
setup_map super_regions 1 5 2 3 3 1 4 2 5 2 6 3 7 4 8 4 9 6 10 7 11 4 12 2 13 5 14 4
setup_map regions 1 1 2 1 3 1 4 1 5 1 6 1 7 2 8 2 9 2 10 2 11 3 12 3 13 3 14 3 15 4 16 4 17 4 18 5 19 5 20 5 21 6 22 6 23 6 24 7 25 7 26 7 27 7 28 7 29 7 30 8 31 8 32 8 33 8 34 8 35 8 36 9 37 9 38 9 39 9 40 9 41 9 42 10 43 10 44 10 45 10 46 10 47 10 48 10 49 11 50 11 51 11 52 11 53 11 54 12 55 12 56 12 57 13 58 13 59 13 60 13 61 13 62 14 63 14 64 14 65 14
setup_map neighbors 1 3,2,4 2 8,7,3 3 36,5,8,4 4 5,6 5 37,6,50,36,49 7 21,10,9,8,22 8 9,36 9 10,21,36 10 21 11 12,15 12 15,14,28,13,17 14 28,31 15 18,19,24,16,17 16 24 17 24,28 18 19 19 20,24,25,26,27 20 26,25 21 22,23,39,38,36 22 23,30 23 30,39 24 27,29,28,44 25 26 26 27,42 27 42,45,44 28 54,29 29 44,46,55,54 30 39,31,32,33,34 31 33 32 39,34,51 33 34,54 34 35,51 35 51 36 38,40,37 37 40,49 38 39,40 39 40,41,51 40 49,41,53,51 41 51 42 45,57,48,43,47 44 47,46,45 45 47 46 55,47,56 47 48,58,59,63,56 48 57,58 49 53,52,50 50 52 51 53 52 53 54 55 55 56,62 56 63,62 57 58 58 59,60,61 59 65,63,61 60 61 61 65 62 63,64 63 65,64 64 65
setup_map wastelands 2 11 19 56 59 60 61
settings starting_regions 5 7 13 17 18 21 26 33 38 44 50 55 57 64
settings starting_pick_amount 7
