settings timebank 10000
settings time_per_move 500
settings max_rounds 105
settings your_bot player1
settings opponent_bot player2
setup_map super_regions 1 4 2 4 3 3 4 1 5 3 6 1 7 1 8 2 9 2 10 3
setup_map regions 1 1 2 1 3 1 4 1 5 1 6 2 7 2 8 2 9 2 10 3 11 3 12 3 13 3 14 4 15 4 16 4 17 5 18 5 19 5 20 5 21 5 22 6 23 6 24 6 25 7 26 7 27 7 28 8 29 8 30 8 31 8 32 9 33 9 34 9 35 9 36 9 37 10 38 10 39 10 40 10 41 10 42 10
setup_map neighbors 1 2 2 4,3,22,14 3 22,5,4,15,14 4 22 5 25,29,24,30,28,23,22 6 7,14 7 8,9,14 8 9,18,12,10,19,16,14 9 14 10 12,11 11 12 12 17,20,13,18,19 13 20,19 14 16,15 15 19,16 16 19 17 20 18 19 19 20,21 20 21 22 24,23 23 28,24 25 26,27,30 26 32,33,27 27 39,40,37,33,30,34,29 28 29,31 29 37,38,31,30 31 38,41 32 33 33 34,36,35 34 35,39 35 36,39 37 38,40,42 38 42,41 39 40,42 40 42
setup_map wastelands 4 14 29 33 34
settings starting_regions 1 8 10 15 21 22 26 30 36 42
settings starting_pick_amount 3
