settings timebank 10000
settings time_per_move 500
settings max_rounds 147
settings your_bot player1
settings opponent_bot player2
setup_map super_regions 1 3 2 2 3 2 4 2 5 5 6 4 7 3 8 5 9 5 10 4 11 5 12 5 13 2
setup_map regions 1 1 2 1 3 1 4 1 5 1 6 2 7 2 8 2 9 3 10 3 11 3 12 4 13 4 14 4 15 5 16 5 17 5 18 5 19 5 20 5 21 6 22 6 23 6 24 6 25 6 26 7 27 7 28 7 29 7 30 8 31 8 32 8 33 8 34 8 35 9 36 9 37 9 38 9 39 9 40 9 41 10 42 10 43 10 44 10 45 11 46 11 47 11 48 11 49 11 50 12 51 12 52 12 53 12 54 12 55 12 56 12 57 13 58 13 59 13
setup_map neighbors 1 2,4,3 2 7,4 3 4,5,32 4 7,33,5 5 32,33 6 7,8 7 33,22,21 8 21 9 10,11 10 11,14,12,13 11 35,14,36,42 12 13 13 27,14,26 14 43,28,42,27 15 16 16 18,36,17,19,30,31 17 31,19 18 36,19 19 38,40,37,34,36,31,57,20 20 40,57,58 21 22 22 23,24,33 23 46,48,33,24,25,45,52,53 24 51,52 25 53,48 26 41,27 27 41,28,29,44 28 43,29 29 43,44 30 31 31 32,34 32 34,33,45 33 45 34 47,57,45 35 36 36 42,38,37 37 40,39,38,42,43 39 42,43 41 44 42 43 43 44 45 47,46 46 48 47 49,59,57,58 48 49,53 49 53,59 50 51,54 51 52,54 52 53,56,54 53 56 54 56,55 57 58 58 59
setup_map wastelands 12 20 24 25 31 58
settings starting_regions 5 8 10 13 17 23 27 30 38 41 48 54 57
settings starting_pick_amount 4
