settings timebank 10000
settings time_per_move 500
settings max_rounds 115
settings your_bot player2
settings opponent_bot player1
setup_map super_regions 1 3 2 7 3 4 4 2 5 4 6 5 7 1 8 4 9 5
setup_map regions 1 1 2 1 3 1 4 1 5 1 6 1 7 2 8 2 9 2 10 2 11 2 12 2 13 2 14 3 15 3 16 3 17 3 18 4 19 4 20 4 21 4 22 4 23 5 24 5 25 5 26 5 27 6 28 6 29 6 30 6 31 6 32 6 33 6 34 7 35 7 36 7 37 8 38 8 39 8 40 8 41 9 42 9 43 9 44 9 45 9 46 9
setup_map neighbors 1 2,3 2 3,7,8,11,5 3 4,5,6 4 5 5 11,13 7 8 8 10,12,11,9 9 10,15 10 14,15,12,17 11 12,13 12 23,24,13 13 24 14 16,15,18,17 16 17 17 22,28,23,29,18 18 19,22 19 21,20,22,27 21 27 22 28,27 23 25,24,29 24 26,25,37 25 29,26 26 37,29 27 30,31,28 28 31,29 29 33,31,37 30 34,32,31,35 31 38,37,33,32,41,42,34,43 32 34 33 37 34 43,35,36,45 35 36 36 44,45 37 39,38,40 38 41,39 39 44,46,41,40 41 43,44,42 42 43 43 45,44 44 46,45
setup_map wastelands 4 7 12
settings starting_regions 3 11 14 20 26 31 34 38 41
settings starting_pick_amount 4
