settings timebank 10000
settings time_per_move 500
settings max_rounds 135
settings your_bot player1
settings opponent_bot player2
setup_map super_regions 1 5 2 3 3 3 4 3 5 4 6 2 7 4 8 3 9 1 10 6 11 2 12 1
setup_map regions 1 1 2 1 3 1 4 1 5 1 6 1 7 1 8 2 9 2 10 2 11 2 12 2 13 3 14 3 15 3 16 3 17 3 18 4 19 4 20 4 21 4 22 5 23 5 24 5 25 5 26 5 27 6 28 6 29 6 30 6 31 7 32 7 33 7 34 7 35 8 36 8 37 8 38 8 39 8 40 9 41 9 42 9 43 10 44 10 45 10 46 10 47 10 48 10 49 11 50 11 51 11 52 12 53 12 54 12
setup_map neighbors 1 2,28,29 2 3,29 3 4,29,5 4 7,6,5 5 6,29 6 49,50,7,30,29 7 50 8 13,10,9 9 31,22,11,23,10 10 13,16,31,14,32 11 31,12,23,25 12 41,34,40,31,33,25 13 14 14 15,16 15 17,16,21,18 16 17,32 17 21,20,32 18 19,21,20 19 20 20 21 22 23 23 25,24 24 25,35 25 41,26,43 26 41 27 28,35 28 35,29,36,30 29 30 30 36,37,39,49 31 32,33,34 32 34 33 34 34 40 35 36,37,38 36 37 37 38,44,39 38 44 39 44,49 40 42,41 43 45,44 44 51,45,49,46 45 47,46 46 47,51,48 47 48 48 51,52,54 49 50,51 50 51 51 52 52 53,54 53 54
setup_map wastelands 3 10 21 24 37 53
settings starting_regions 7 8 17 18 26 28 31 35 41 48 50 52
settings starting_pick_amount 6
