settings timebank 10000
settings time_per_move 500
settings max_rounds 125
settings your_bot player2
settings opponent_bot player1
setup_map super_regions 1 2 2 2 3 6 4 5 5 4 6 5 7 4 8 4 9 4 10 4
setup_map regions 1 1 2 1 3 1 4 2 5 2 6 2 7 2 8 3 9 3 10 3 11 3 12 3 13 3 14 3 15 4 16 4 17 4 18 4 19 4 20 4 21 5 22 5 23 5 24 5 25 6 26 6 27 6 28 6 29 6 30 6 31 7 32 7 33 7 34 7 35 7 36 8 37 8 38 8 39 8 40 8 41 9 42 9 43 9 44 9 45 10 46 10 47 10 48 10 49 10 50 10
setup_map neighbors 1 6,2 2 6,26,3 3 36,26,28 4 6,7,5 5 21,7 6 7,25,26 7 25,21,22 8 10,15,9,11 9 23 10 12,13,15,18,11 11 14,30 12 13,20,31,32,18 13 32,14,33 15 16,18 16 17,19,18 17 19,20 18 19,20 19 20 20 31 21 24,22,23 22 23,27,25 23 24,27,30 25 37,28,27,26,29,39 26 28 27 30,29 28 37,36 29 30,39 30 42,41,39 31 32,34,35 32 33,34 33 34 36 38,37 37 45,38,39,40 38 40,46 39 41,43,45 40 45,46 41 43,42 43 50,45,44,48 45 48,46,47 46 47,49 47 49,48 48 49,50
setup_map wastelands 9 11 27 36 50
settings starting_regions 2 5 10 16 23 29 33 39 44 49
settings starting_pick_amount 4
