settings timebank 10000
settings time_per_move 500
settings max_rounds 152
settings your_bot player2
settings opponent_bot player1
setup_map super_regions 1 1 2 6 3 4 4 4 5 4 6 4 7 3 8 1 9 3 10 1 11 3 12 3 13 2 14 5
setup_map regions 1 1 2 1 3 1 4 2 5 2 6 2 7 2 8 2 9 2 10 2 11 3 12 3 13 3 14 3 15 3 16 4 17 4 18 4 19 4 20 5 21 5 22 5 23 5 24 6 25 6 26 6 27 6 28 7 29 7 30 7 31 7 32 8 33 8 34 8 35 9 36 9 37 9 38 9 39 9 40 10 41 10 42 10 43 11 44 11 45 11 46 11 47 11 48 12 49 12 50 12 51 12 52 13 53 13 54 13 55 13 56 14 57 14 58 14 59 14 60 14 61 14
setup_map neighbors 1 11,2,4 2 11,4,3,7,13 3 13,7 4 5,7,6 5 6 6 9,7,8 7 9,16,15,13 8 9,10 9 10,16,24 10 24 11 12,13 12 14,13 13 18,15,14 15 18,17,16 16 17,19,25,24 17 18,19 18 32,19 19 35,25,32,27 20 22,21,28,29,30 22 30,23 23 56,30,57,48,40 24 25 25 27,26 26 27,44,43 27 45,46,44,35,36 28 29 29 30,31 30 58,57,31,60,59 31 60 32 33,34,35 33 34,41 34 52,38,35 35 36,38 36 45,38,37 37 45,39,47,38 38 53,52 39 47 40 41,42,49 41 49,54,52 42 48,49 43 44 44 47,46 45 46,47 46 47 48 49,50,51 49 51,55,54 50 51 52 53,54 53 54,55 54 55 56 57,61 57 61,58 58 59,61 59 60,61 60 61
setup_map wastelands 3 8 13 17 56 59
settings starting_regions 1 5 12 16 23 27 30 33 36 40 47 50 53 58
settings starting_pick_amount 6
