settings timebank 10000
settings time_per_move 500
settings max_rounds 125
settings your_bot player1
settings opponent_bot player2
setup_map super_regions 1 4 2 4 3 4 4 3 5 5 6 2 7 5 8 3 9 1 10 5
setup_map regions 1 1 2 1 3 1 4 1 5 2 6 2 7 2 8 2 9 2 10 2 11 3 12 3 13 3 14 3 15 3 16 3 17 3 18 4 19 4 20 4 21 4 22 4 23 5 24 5 25 5 26 5 27 5 28 5 29 6 30 6 31 6 32 6 33 7 34 7 35 7 36 7 37 7 38 7 39 8 40 8 41 8 42 9 43 9 44 9 45 10 46 10 47 10 48 10 49 10 50 10
setup_map neighbors 1 2 2 6,3,4,5 3 4 4 6,42,8 5 6,11,12,7 6 39,8,7 7 12,39,15 8 39,42,9,40 9 44,40,43,10,42 11 12 12 13,14,15 13 14 14 15,16 15 17,16,40,39 16 30 17 40 18 24,20,21 19 20 20 29,21,31,32 21 22,26,24,31 22 45,31,26,34,32 23 25,28 24 26,27,25,28 25 28 26 34,27,35,28 27 28 28 36,33,35 29 30,32 30 32 31 32 32 45,46 33 37,36 34 47,45,35,38 35 38,36 36 38,37 38 47,50 39 40 40 41 42 43 43 44 45 48,46,47 47 49,48,50 49 50
setup_map wastelands 22 29 41 45 46
settings starting_regions 3 7 14 19 23 30 34 39 43 48
settings starting_pick_amount 4
