settings timebank 10000
settings time_per_move 500
settings max_rounds 135
settings your_bot player1
settings opponent_bot player2
setup_map super_regions 1 2 2 2 3 1 4 4 5 2 6 3 7 6 8 1 9 6 10 6 11 3
setup_map regions 1 1 2 1 3 1 4 1 5 1 6 2 7 2 8 2 9 2 10 2 11 3 12 3 13 3 14 4 15 4 16 4 17 4 18 4 19 5 20 5 21 5 22 5 23 6 24 6 25 6 26 6 27 6 28 7 29 7 30 7 31 7 32 7 33 7 34 7 35 8 36 8 37 8 38 9 39 9 40 9 41 9 42 9 43 9 44 9 45 10 46 10 47 10 48 10 49 10 50 10 51 10 52 11 53 11 54 11
setup_map neighbors 1 3,4,5,2 2 4 3 5 4 14,15,5 5 19,17,15 6 7 7 8 8 9,10 9 10,35,38 10 38 11 13,12,23,29,28 12 28 13 29,24,23 14 16,17,18,15,22 15 17 17 19,18,21,22 19 20,21 20 21,38 21 47,48,46,22 22 46,45 23 24 24 29,25,36 25 26,27,32,33,29,36 26 36 27 34,33 28 29,32,30,31 29 32 31 34,32 32 34,33 33 34 35 39,42,38,36 36 39,37 37 39 38 41,40,42 39 42 40 42,44,41 41 42 42 43,44 45 46,49 46 49,48 47 53,50,48,52 48 50,49 49 50 50 51,53 51 54,53 52 54,53 53 54
setup_map wastelands 2 8 10 45 52
settings starting_regions 4 9 13 15 21 25 28 37 43 46 54
settings starting_pick_amount 5
