settings timebank 10000
settings time_per_move 500
settings max_rounds 197
settings your_bot player1
settings opponent_bot player2
setup_map super_regions 1 5 2 1 3 3 4 3 5 1 6 0 7 6 8 2 9 4 10 1 11 3 12 2 13 4 14 2 15 6 16 1 17 3 18 6 19 3
setup_map regions 1 1 2 1 3 1 4 1 5 1 6 2 7 2 8 3 9 3 10 3 11 3 12 3 13 4 14 4 15 4 16 4 17 5 18 5 19 6 20 6 21 7 22 7 23 7 24 7 25 7 26 7 27 8 28 8 29 8 30 8 31 9 32 9 33 9 34 9 35 9 36 10 37 10 38 11 39 11 40 11 41 11 42 11 43 12 44 12 45 12 46 13 47 13 48 13 49 13 50 13 51 13 52 14 53 14 54 14 55 15 56 15 57 15 58 15 59 15 60 15 61 15 62 16 63 16 64 17 65 17 66 17 67 17 68 18 69 18 70 18 71 18 72 18 73 18 74 18 75 19 76 19 77 19 78 19 79 19
setup_map neighbors 1 2 2 20,6,3,4,31 3 4,52,53,46,5,33 4 31,33 5 46,47 6 20,7,19 7 8,22,21,19,10 8 9,10,13 9 11,10,13,29 10 12,24,11,36,22,39 11 29,36 12 39,38,24 13 14,29,16 14 15,16,17 15 27,30,29,16,17 16 29 17 18,27 18 28,27 19 31,20,21 20 31 21 22,23,31,24,26 22 23,24 24 25,38,26,41 25 34,26,32,31,41,62 26 31 27 28,30 28 30 29 30,36 30 43,44,36 31 32,33,34 33 34,35,53,52 34 62,35,68 35 68,50,53 36 39,43,40,37 37 55,40,43 38 41,42,40,39 39 40 40 42,55,56 41 64,63,42,62 42 64,66,56 43 55,44 44 55,45 45 58,55 46 53,47 47 54,48,49,53 48 51,49 49 71,50,68,54,53,51 50 53,68 51 71,73 52 53 53 54 55 57,56,58 56 59,66,64,57,58,60,78 57 58 58 60,61 59 64,67,78 60 78 62 70,63,65,68,69 63 64,65 64 75,65,66,67 65 70,76,75 67 75,78 68 72,71,70,69 69 70 70 76,72,77 71 72,73,74 72 74 75 76,79,78 76 77 78 79
setup_map wastelands 10 12 24 43 44 47 55 70 71
settings starting_regions 5 7 8 13 18 19 25 28 32 36 38 45 49 53 60 62 66 72 79
settings starting_pick_amount 7
