settings timebank 10000
settings time_per_move 500
settings max_rounds 177
settings your_bot player1
settings opponent_bot player2
setup_map super_regions 1 1 2 1 3 4 4 3 5 4 6 5 7 5 8 5 9 4 10 3 11 3 12 5 13 3 14 4 15 3
setup_map regions 1 1 2 1 3 1 4 2 5 2 6 2 7 3 8 3 9 3 10 3 11 3 12 3 13 4 14 4 15 4 16 4 17 4 18 5 19 5 20 5 21 5 22 5 23 6 24 6 25 6 26 6 27 6 28 6 29 7 30 7 31 7 32 7 33 7 34 8 35 8 36 8 37 8 38 8 39 8 40 9 41 9 42 9 43 9 44 9 45 9 46 10 47 10 48 10 49 11 50 11 51 11 52 12 53 12 54 12 55 12 56 12 57 12 58 13 59 13 60 13 61 13 62 13 63 13 64 14 65 14 66 14 67 14 68 15 69 15 70 15 71 15
setup_map neighbors 1 18,2,3 2 4,3 3 5,18,4 4 6,5 5 20,29,6,18 6 25,30,29,23 7 8,10,23 8 9,12,13,11,24,10 9 13 10 24,23 11 12,24 12 24,13,15,26 13 14,16,15 15 16,27,17,26 16 17 18 20,21,19,22,36 19 36 20 21,29 21 22,32,31,29 22 31,36 23 24,25 24 26,25 25 28,26,30,27 26 27 27 28 28 30 29 32,30 30 33 31 36,39,32,55 33 55 34 35,37 35 37,38 36 38 37 46,38,47 38 49,39,50,47,48 40 42 41 42,44,43 42 58,43,45 43 44,59,58 44 59 45 58,60 46 48,47 47 48 48 49,64,66,65 49 50,64,51 50 64,51 51 64 52 53,54,56 53 54 54 57,69,68,56 55 56 56 70,68,71 57 70,69 58 59,60,61 59 61,62 60 61,63 61 62,63 62 65,63 64 67,65,66 65 66,67 68 69,70 69 70 70 71
setup_map wastelands 7 9 15 22 33 39 67
settings starting_regions 2 4 10 17 18 24 31 36 41 46 51 55 61 66 68
settings starting_pick_amount 6
