settings timebank 10000
settings time_per_move 500
settings max_rounds 195
settings your_bot player1
settings opponent_bot player2
setup_map super_regions 1 3 2 4 3 5 4 3 5 3 6 3 7 4 8 2 9 3 10 2 11 1 12 4 13 4 14 4 15 3 16 2 17 3 18 6
setup_map regions 1 1 2 1 3 1 4 1 5 2 6 2 7 2 8 2 9 3 10 3 11 3 12 3 13 3 14 3 15 3 16 4 17 4 18 4 19 4 20 5 21 5 22 5 23 5 24 6 25 6 26 6 27 6 28 7 29 7 30 7 31 7 32 8 33 8 34 8 35 8 36 9 37 9 38 9 39 9 40 9 41 10 42 10 43 10 44 10 45 11 46 11 47 11 48 12 49 12 50 12 51 12 52 13 53 13 54 13 55 13 56 14 57 14 58 14 59 14 60 14 61 15 62 15 63 15 64 15 65 15 66 16 67 16 68 16 69 17 70 17 71 17 72 17 73 18 74 18 75 18 76 18 77 18 78 18
setup_map neighbors 1 5,2,8,3 2 27,8,4,3,5,42,45 3 4,41,43,42,44 5 7,6,8,24,27 6 7 7 24 9 13,11,10,15 10 11 11 14,12,32,15 12 17,16,14 13 15,28 14 32,17,33 15 32,28,36 16 20,21,22,17,23,18 17 18,33 18 34,19,23,52,33 19 23,54 20 21 21 23,22 24 26,27,25 25 26 26 28,30,29,27 27 29,45 28 36,30,37,38,31 29 30,45,56 30 31,56 31 38,56 32 35,33,34,36 33 34 34 52,48,35 35 48,50,49,36 36 37,49,39 37 38,39 38 66,56,40,67,39 39 49,40,67 40 67 41 42,43 42 45,43 43 46,44,45,47 45 56,47 46 47 47 57,58,59,56 48 52,55,50,61,49 49 50,51,64,63,62,61 51 63 52 53,55 53 55,54 54 55,70 55 70,69,65,62,61 56 57,66,58,67 57 58 58 67,59,60 59 60 60 67 61 62 62 73,63,65,64,69 63 64,73,75 65 69 66 67 67 68 69 73,71,70 70 74,71,72 71 74,73 72 74 73 75,74,77,76 74 77,78 75 76 76 77 77 78
setup_map wastelands 6 12 28 37 53 56 66 73
settings starting_regions 3 8 9 16 20 26 30 34 39 42 47 49 55 58 61 67 72 77
settings starting_pick_amount 7
