settings timebank 10000
settings time_per_move 500
settings max_rounds 120
settings your_bot player2
settings opponent_bot player1
setup_map super_regions 1 2 2 3 3 6 4 3 5 3 6 5 7 5 8 3 9 4 10 2 11 3
setup_map regions 1 1 2 1 3 1 4 2 5 2 6 2 7 3 8 3 9 3 10 3 11 3 12 3 13 3 14 4 15 4 16 4 17 5 18 5 19 5 20 5 21 5 22 6 23 6 24 6 25 6 26 6 27 7 28 7 29 7 30 7 31 7 32 7 33 8 34 8 35 8 36 8 37 9 38 9 39 9 40 9 41 10 42 10 43 10 44 10 45 11 46 11 47 11 48 11
setup_map neighbors 1 2,7,3,8 2 5,4,3 3 5,8 4 5,6 5 8,10,6,9,11 6 9 7 8 8 12,10,13,11 9 11 10 11 11 17,13 12 13 13 28 14 15,18 15 18,22,16 16 22,23,21,18,24 17 18,19 18 19,21 19 20,27,21 20 23,46,31,47,45,21,27 21 23 22 24 23 25,46,24 24 25 25 26,48,35,46,38 26 38,39,48 27 31,30,28 29 31,32,30 30 31 31 45,32 32 45 33 37,36,34,35 34 41,42,36 35 37,38 36 37,42,43 37 40,43,38 38 40,39 39 48,40 40 43 41 42 42 44,43 43 44 45 47 46 47,48
setup_map wastelands 16 18 20 32 33
settings starting_regions 2 6 13 15 19 24 30 35 39 42 46
settings starting_pick_amount 4
