settings timebank 10000
settings time_per_move 500
settings max_rounds 165
settings your_bot player2
settings opponent_bot player1
setup_map super_regions 1 2 2 4 3 1 4 5 5 5 6 3 7 3 8 3 9 4 10 4 11 2 12 5 13 5 14 2
setup_map regions 1 1 2 1 3 1 4 1 5 2 6 2 7 2 8 2 9 2 10 3 11 3 12 3 13 4 14 4 15 4 16 4 17 4 18 4 19 5 20 5 21 5 22 5 23 5 24 5 25 6 26 6 27 6 28 6 29 7 30 7 31 7 32 7 33 8 34 8 35 8 36 9 37 9 38 9 39 9 40 10 41 10 42 10 43 10 44 10 45 10 46 10 47 11 48 11 49 11 50 12 51 12 52 12 53 12 54 12 55 12 56 13 57 13 58 13 59 13 60 13 61 13 62 13 63 14 64 14 65 14 66 14
setup_map neighbors 1 2,3 2 8,5,3,4 3 31,4,8 5 6,8 6 8,9,7,30 7 10,29,9 8 30,32,31 9 29,30 10 11,29 11 12,13,14,29,33 12 33,14,16 13 14 14 20,15,16,19 15 23,16,20,21 16 17,23,33 17 18,23,24,34,33,52,51 18 35,34 19 20 20 21,22,25 21 22,23 22 25,23 23 27,50,24,25 24 52,50 25 26,27,37,28 26 38,37,28 27 50,28 28 38,50 29 33,34,41,40,30 30 40,32 31 40,32 32 40 33 34 34 35,43,41 35 45,42,43 36 47,38,37 37 38 38 47,39,49,50 39 50,54,49,63 40 44,41,42 41 43,42 42 46,45,44,43 47 48,49 48 49 49 63 50 56,53,52,54,57 51 52 52 55,58,53 53 56,58 54 57,63 56 57,59,58,60 57 63,59,61 59 60,62,61 61 65,63 63 65,64 64 65 65 66
setup_map wastelands 7 17 31 35 53 59
settings starting_regions 3 9 10 13 23 25 29 34 36 42 47 54 56 66
settings starting_pick_amount 5
