settings timebank 10000
settings time_per_move 500
settings max_rounds 117
settings your_bot player2
settings opponent_bot player1
setup_map super_regions 1 6 2 7 3 4 4 2 5 4 6 1 7 2 8 3 9 1 10 3
setup_map regions 1 1 2 1 3 1 4 1 5 1 6 1 7 1 8 2 9 2 10 2 11 2 12 2 13 2 14 2 15 3 16 3 17 3 18 3 19 3 20 4 21 4 22 4 23 4 24 5 25 5 26 5 27 5 28 5 29 6 30 6 31 6 32 7 33 7 34 7 35 7 36 8 37 8 38 8 39 8 40 8 41 8 42 9 43 9 44 9 45 10 46 10 47 10
setup_map neighbors 1 6,3,2,9 2 8,9,4,10 3 6,5,7 5 7 6 11,7,9 7 15,11,18,13 8 10,9 9 11,10,12 10 12 11 12,14,13 12 14,32 13 19,17,18,14 15 17,16,18,23 16 17,23 17 19,18 20 23,21,22 21 25,22,26,24,23 23 26 24 25 25 27,26 26 27 27 42,28,45,47 28 45 29 37,30,31 30 31 31 41,37 32 36,38,34,37,39 33 34,42 34 35,38,39 35 39,40 36 37 37 41,40,39 38 39 39 40 40 41 42 46,47,43,44 44 46 45 47 46 47
setup_map wastelands 15 21 22 26 47
settings starting_regions 2 8 17 23 25 29 32 38 43 46
settings starting_pick_amount 4
