settings timebank 10000
settings time_per_move 500
settings max_rounds 152
settings your_bot player2
settings opponent_bot player1
setup_map super_regions 1 3 2 5 3 3 4 2 5 3 6 1 7 2 8 5 9 2 10 2 11 5 12 5 13 2
setup_map regions 1 1 2 1 3 1 4 1 5 1 6 2 7 2 8 2 9 2 10 2 11 3 12 3 13 3 14 3 15 4 16 4 17 4 18 4 19 5 20 5 21 5 22 5 23 5 24 5 25 6 26 6 27 6 28 7 29 7 30 7 31 7 32 8 33 8 34 8 35 8 36 8 37 9 38 9 39 9 40 10 41 10 42 10 43 10 44 11 45 11 46 11 47 11 48 11 49 11 50 11 51 12 52 12 53 12 54 12 55 12 56 12 57 13 58 13 59 13 60 13 61 13
setup_map neighbors 1 2,11 2 5,3,28,11,12 3 4,28 4 28 5 12,29,28 6 7,15,16,9,8 7 8 8 17,10,16 9 15 10 18,37,39,17 11 12,13 12 29,13 13 14,29 14 29,31,36 15 17,18,16,40 16 17 17 18 18 39,42 19 20,25,33 20 33,21 21 33,22,34,23 22 23 23 34,24 25 27,33 26 32,27,33 27 33 28 30,29 29 30,31 30 43,51,41,31 32 36,35,33 33 34,35 34 35 35 36 37 39,45,44,38 39 44,46 40 42,41 41 53,43,42 42 54,56,53 43 51,53 44 45,46 45 47,46,48 46 47,49 47 48,49 48 50 51 55,57,53 52 54 53 56,57,60,59 54 56 55 57,58 56 60 57 58,59 59 60,61 60 61
setup_map wastelands 6 23 33 41 44 55
settings starting_regions 1 7 12 16 19 26 30 34 37 42 50 52 57
settings starting_pick_amount 5
