settings timebank 10000
settings time_per_move 500
settings max_rounds 202
settings your_bot player1
settings opponent_bot player2
setup_map super_regions 1 4 2 5 3 3 4 3 5 6 6 4 7 1 8 3 9 7 10 2 11 2 12 3 13 6 14 2 15 5 16 2 17 0 18 3 19 1
setup_map regions 1 1 2 1 3 1 4 1 5 2 6 2 7 2 8 2 9 2 10 2 11 3 12 3 13 3 14 3 15 4 16 4 17 4 18 5 19 5 20 5 21 5 22 5 23 5 24 6 25 6 26 6 27 6 28 6 29 6 30 7 31 7 32 7 33 8 34 8 35 8 36 8 37 8 38 9 39 9 40 9 41 9 42 9 43 9 44 9 45 10 46 10 47 10 48 11 49 11 50 11 51 11 52 12 53 12 54 12 55 13 56 13 57 13 58 13 59 13 60 13 61 14 62 14 63 14 64 14 65 15 66 15 67 15 68 15 69 15 70 15 71 16 72 16 73 16 74 16 75 17 76 17 77 18 78 18 79 18 80 19 81 19
setup_map neighbors 1 2,5 2 5,24,4,6,3 3 4,25 4 24,25 5 6 6 24,7,30 7 9,10,8,30 8 9,11 9 15,16,17,10,11 10 34,33,30,17 11 12,15,14 12 19,18,14,13 13 18 14 19,20,16,15 15 16 16 23,33,20,17 17 33 18 22,21,19 19 20,21 20 39,23,21,40 21 40,22 22 42,41,40,38 23 39,33,45 24 30,31,25 25 26,31,28 26 49,27,28,29 27 28 28 31,29,55,66 29 65,67,51,50,66,49 30 34,32,31 31 32,36,55 32 34,36 33 35,34,45 34 35,36 35 45,37,36,61 36 61,56,55 37 61,45 38 41 39 40,46,43,45 40 42,43 41 42,52,44 42 44,43 43 44,46,75 44 52,53,75 45 61,46 46 62,61,75,47 47 75,74,64,80,62,81,76 48 50,49 49 51,50 50 51,67 52 54,53 53 54,76,75 54 77,78 55 56,66 56 72,58,57,66,61 57 58,59 58 73,72,59 59 60,68 60 70,69,68 61 71,62,64,63,72 62 64 63 71,64,72,74 64 74 65 67,66 66 68,67 67 69,68,70 68 70 69 70 71 72 72 73,74 73 74 74 80 75 76 76 77,81 77 81,78,79,80 80 81
setup_map wastelands 1 8 26 38 50 59 67 69 77
settings starting_regions 2 7 13 17 20 25 32 35 44 46 51 52 57 62 70 74 76 78 81
settings starting_pick_amount 8
