settings timebank 10000
settings time_per_move 500
settings max_rounds 132
settings your_bot player1
settings opponent_bot player2
setup_map super_regions 1 2 2 2 3 4 4 4 5 5 6 3 7 4 8 5 9 5 10 5
setup_map regions 1 1 2 1 3 1 4 1 5 1 6 2 7 2 8 2 9 2 10 3 11 3 12 3 13 3 14 3 15 4 16 4 17 4 18 4 19 5 20 5 21 5 22 5 23 5 24 5 25 5 26 6 27 6 28 6 29 6 30 6 31 7 32 7 33 7 34 7 35 7 36 8 37 8 38 8 39 8 40 8 41 8 42 8 43 9 44 9 45 9 46 9 47 9 48 10 49 10 50 10 51 10 52 10 53 10
setup_map neighbors 1 3,2 2 43,5,3,4 3 6 4 5 5 43,45,44 6 7,36 7 8,36 8 10,12,9,36,14,39 9 38,37,36,39 10 11,12 11 15,13,12,16 12 14,13 13 14,49,18,16 14 49,48,39 15 19,16,17 16 18,17 17 25,18,19,21 18 49 19 20,21 20 21 21 23,22,24,25 22 24,28 23 25,24 24 28 26 27 27 31,32,29 28 29 29 30,32 31 32,33 32 33,34,35 33 34 34 35 36 37,43 37 38,41,43,40,42,45,46 38 39,40 39 48,40 40 50,41,48 41 51,42,50 42 45,47 43 46,45 44 45,47 45 46,47 48 51,49,52,50 49 52 50 51 51 53
setup_map wastelands 5 9 22 28
settings starting_regions 2 7 13 17 23 29 34 42 43 53
settings starting_pick_amount 4
