settings timebank 10000
settings time_per_move 500
settings max_rounds 177
settings your_bot player2
settings opponent_bot player1
setup_map super_regions 1 3 2 3 3 5 4 1 5 7 6 2 7 4 8 3 9 5 10 4 11 5 12 3 13 2 14 2 15 3 16 3
setup_map regions 1 1 2 1 3 1 4 1 5 2 6 2 7 2 8 2 9 2 10 3 11 3 12 3 13 3 14 3 15 4 16 4 17 4 18 5 19 5 20 5 21 5 22 5 23 5 24 5 25 6 26 6 27 6 28 7 29 7 30 7 31 7 32 7 33 7 34 8 35 8 36 8 37 9 38 9 39 9 40 9 41 9 42 9 43 9 44 10 45 10 46 10 47 10 48 10 49 11 50 11 51 11 52 11 53 11 54 12 55 12 56 12 57 12 58 13 59 13 60 13 61 13 62 13 63 14 64 14 65 14 66 15 67 15 68 15 69 16 70 16 71 16
setup_map neighbors 1 2,5 2 3,11,4,6,5,10 3 10,12,11 4 14,13,6,11 5 6 6 7,13,9 7 8,9 8 9,37 9 36,37,14,13,38 10 12 11 12,14,18 12 18 13 14 14 34,35,36,18 15 16,17 16 28,25,17 18 35,21,19,22,54 19 20,22,21 20 22,44,24,23,26,27 21 22 22 23,54,55 23 63,55,24,64 24 64,45,48,44 25 29,28,26,27 26 27 27 44,29 28 30,31,32,29 29 33,47,46,44,32,45 30 31 31 32 32 67,33,59,61,68,58,66,47 33 47 34 35,50,49,36,39 35 54,50 36 38,39 37 38 38 39,41 39 40,42,41,49 40 51,52,42,41,49 41 43,42 44 45 45 47,48,70,69,64,46 46 47 47 66,70,71 48 64 49 51,50,54 50 54 51 52,55,53,54,56 52 53 53 56,57 54 55 55 56,63 56 57,65,63 57 65 58 60,59 59 61,60 60 61 61 68,62,66 62 66,71 63 65,64 64 65,69 66 71,68,67 69 70,71 70 71
setup_map wastelands 13 37 38 39 52 53 64 65
settings starting_regions 2 6 14 16 20 27 33 34 41 45 49 55 59 63 68 69
settings starting_pick_amount 6
