settings timebank 10000
settings time_per_move 500
settings max_rounds 135
settings your_bot player2
settings opponent_bot player1
setup_map super_regions 1 4 2 4 3 2 4 7 5 5 6 6 7 4 8 3 9 3 10 6 11 2
setup_map regions 1 1 2 1 3 1 4 1 5 1 6 2 7 2 8 2 9 2 10 2 11 3 12 3 13 3 14 3 15 4 16 4 17 4 18 4 19 4 20 4 21 4 22 5 23 5 24 5 25 5 26 5 27 6 28 6 29 6 30 6 31 6 32 6 33 6 34 7 35 7 36 7 37 7 38 8 39 8 40 8 41 8 42 9 43 9 44 9 45 9 46 10 47 10 48 10 49 10 50 10 51 10 52 11 53 11 54 11
setup_map neighbors 1 2 2 3,7,6,4 3 5,12,11,7 4 6 5 12 6 9,8,7,10,11,13 7 11 8 10,24,22 9 11 10 13,25,46,24,47 11 14,12,13 12 14 13 14,48,47 14 48 15 23,16,28,17 16 30,17,18,28,19 17 26,23,24,20,19 18 32,31,19,20,30 19 20 20 21,50,26 21 26,50 22 24,23 23 24 24 25,26 25 49,46,26 26 49,50 27 30,29,28,38 28 30 29 31,30,39 30 31,32 31 32,33 34 37,36,35 35 36 36 37,44,42 37 53,44,40,52,38,41 38 39,41,40 39 41 41 52 42 44,45,43 46 47,49 47 51,48,49 49 50,51 52 54,53
setup_map wastelands 13 24 26 36 46
settings starting_regions 2 7 11 16 25 31 35 41 42 49 52
settings starting_pick_amount 5
