settings timebank 10000
settings time_per_move 500
settings max_rounds 142
settings your_bot player1
settings opponent_bot player2
setup_map super_regions 1 3 2 4 3 2 4 3 5 6 6 2 7 3 8 2 9 4 10 6 11 2 12 3
setup_map regions 1 1 2 1 3 1 4 1 5 2 6 2 7 2 8 2 9 2 10 3 11 3 12 3 13 3 14 4 15 4 16 4 17 4 18 4 19 4 20 5 21 5 22 5 23 5 24 5 25 5 26 6 27 6 28 6 29 6 30 7 31 7 32 7 33 7 34 7 35 7 36 8 37 8 38 8 39 8 40 8 41 9 42 9 43 9 44 9 45 10 46 10 47 10 48 10 49 10 50 10 51 10 52 11 53 11 54 11 55 12 56 12 57 12
setup_map neighbors 1 3,2,4 2 5,3 3 5,20,4 5 6,8,20 6 7,8,9 7 10,12,9 8 9,20 9 21,22,20,12 10 11,12,15 12 22,15,13 13 22,25 14 15,18 15 17,16,19,26,18 17 26,18 18 26,36 19 26,27 20 23,24,21 21 22,23 22 23,25 23 24,25 24 25,35,30 26 28,27,29,36 27 29 28 29,36 29 39,37,36 30 33 31 33,42,46,32,44 32 33 33 47,35,48,34,46 34 35 35 48 36 38,37,39 37 39 38 40,39 39 40 41 42,43 42 43,44 43 52,44,45 44 45,46 45 56,55,46,52,49,54 46 49,47 47 49,48 48 49,51,50 49 50,56,57,51 52 53,54 53 54 54 55 55 57,56 56 57
setup_map wastelands 10 19 26 29 36
settings starting_regions 3 5 12 16 20 27 33 39 42 48 54 56
settings starting_pick_amount 6
