settings timebank 10000
settings time_per_move 500
settings max_rounds 105
settings your_bot player2
settings opponent_bot player1
setup_map super_regions 1 2 2 5 3 6 4 6 5 2 6 2 7 6 8 3
setup_map regions 1 1 2 1 3 1 4 2 5 2 6 2 7 2 8 2 9 2 10 2 11 3 12 3 13 3 14 3 15 3 16 3 17 3 18 4 19 4 20 4 21 4 22 4 23 4 24 4 25 5 26 5 27 5 28 5 29 6 30 6 31 6 32 6 33 6 34 7 35 7 36 7 37 7 38 7 39 7 40 8 41 8 42 8
setup_map neighbors 1 3,11,12,2 2 4,18,3,19 3 20,12,19 4 6,18,19,5,8 5 6 6 7,8 7 8 8 10,9,30,29,19 9 19 11 12,13 12 13,14,21,20 13 27,25,14,15 14 21,15 15 35,28,16,17,27,21 16 21,17,34 17 34,35,37 18 19 19 20,24,29,31,23,21,22 20 22,21 21 23,22,34 23 34,24,40 24 31,40 25 26,27 26 27,28 27 28 28 36,35 29 30,31 30 32,31 31 32,40 32 33,40 33 40 34 41,37,40 35 38,36,37 37 38,41 38 41,42,39 40 41,42 41 42
setup_map wastelands 1 13 26 41
settings starting_regions 3 8 15 20 27 29 38 40
settings starting_pick_amount 4
