settings timebank 10000
settings time_per_move 500
settings max_rounds 135
settings your_bot player1
settings opponent_bot player2
setup_map super_regions 1 3 2 5 3 4 4 4 5 1 6 4 7 5 8 3 9 3 10 3 11 4
setup_map regions 1 1 2 1 3 1 4 1 5 1 6 2 7 2 8 2 9 2 10 2 11 3 12 3 13 3 14 3 15 3 16 3 17 3 18 4 19 4 20 4 21 4 22 5 23 5 24 5 25 6 26 6 27 6 28 6 29 6 30 7 31 7 32 7 33 7 34 7 35 7 36 8 37 8 38 8 39 8 40 8 41 9 42 9 43 9 44 9 45 9 46 10 47 10 48 10 49 11 50 11 51 11 52 11 53 11 54 11
setup_map neighbors 1 4,3,5,2 2 22,5,4 3 5 4 5 5 22,20,18 6 13,8,7,11,16 7 8 8 16,9,10,24 9 10,24 10 16,46,47,48 11 12,13 12 14,15,13 13 16,14,17 14 27,17,25,15 15 25 16 17,27,46 17 27 18 19,21,20 19 36,21,20,41 20 22,41 21 36,37 22 24,41,42 23 24 24 42 25 26,27 26 27,28 27 29,28,46,47 29 47 30 33,35,32,34 31 32 32 50,34,51 34 35,49,51 35 49,38 36 39,38,43,37,41,40 37 38 38 52,49 39 43,40 41 42,43 42 43,44 43 45,44 46 47 47 48 49 51,52,54 50 53,51 51 54,53 52 54
setup_map wastelands 18 22 28 29 34
settings starting_regions 1 8 11 20 24 25 33 39 43 47 53
settings starting_pick_amount 5
