settings timebank 10000
settings time_per_move 500
settings max_rounds 167
settings your_bot player1
settings opponent_bot player2
setup_map super_regions 1 6 2 4 3 6 4 4 5 2 6 3 7 4 8 2 9 3 10 3 11 3 12 5 13 4
setup_map regions 1 1 2 1 3 1 4 1 5 1 6 1 7 1 8 2 9 2 10 2 11 2 12 2 13 2 14 2 15 3 16 3 17 3 18 3 19 3 20 3 21 3 22 4 23 4 24 4 25 4 26 4 27 5 28 5 29 5 30 5 31 6 32 6 33 6 34 6 35 7 36 7 37 7 38 7 39 8 40 8 41 8 42 8 43 9 44 9 45 9 46 9 47 10 48 10 49 10 50 10 51 11 52 11 53 11 54 11 55 11 56 12 57 12 58 12 59 12 60 12 61 12 62 12 63 13 64 13 65 13 66 13 67 13
setup_map neighbors 1 2,4,22,3,23 2 5,3,24,23,4,39,26 3 6,5 4 23 5 6,39 6 39,7 7 42,39,29 8 9,11,10 9 14,11 10 12,31,11,13 11 13,32,14 12 31,35,18 13 32,31 14 32,56,33 15 16,28 16 17,21,19,18,20,30,28 17 18 18 35,20,21 19 30,21 20 21 21 43,52,30,35 22 23 23 25,24 24 25,26 25 26,63,64 26 39,40,63 27 28,29 28 30,29 29 30,47 30 51,47,52 31 32,36,35 32 33,34,36,56,57 34 36,38,59,57 35 43,36,37 36 37,38 37 43,38 38 59 39 40,41,42 40 63,41 41 66,42,63 42 66 43 53,45,52,44 44 54,45,52,55,46 47 48,50,51,49 48 51,49 49 51,54,55,50,52 51 52 52 54,53 54 55 56 57,58 57 58,59 58 60,61,59 59 60 60 61 61 62 63 65,64,66 64 65 65 66 66 67
setup_map wastelands 3 9 12 24 36 60
settings starting_regions 7 14 20 23 27 33 35 40 43 47 52 59 67
settings starting_pick_amount 6
