settings timebank 10000
settings time_per_move 500
settings max_rounds 127
settings your_bot player2
settings opponent_bot player1
setup_map super_regions 1 7 2 5 3 3 4 1 5 3 6 6 7 4 8 4 9 3 10 4
setup_map regions 1 1 2 1 3 1 4 1 5 1 6 1 7 1 8 1 9 2 10 2 11 2 12 2 13 2 14 3 15 3 16 3 17 3 18 3 19 4 20 4 21 4 22 5 23 5 24 5 25 5 26 6 27 6 28 6 29 6 30 6 31 6 32 7 33 7 34 7 35 7 36 8 37 8 38 8 39 8 40 9 41 9 42 9 43 9 44 9 45 10 46 10 47 10 48 10 49 10 50 10 51 10
setup_map neighbors 1 2,3,9 2 4,10,9,3 3 4 4 5,7,8,6,10 5 10,11,12 6 25 7 8 8 25 9 10,14 10 11,14 11 15,16,18,12,14 12 13 13 36 14 15 15 16 16 17,18 19 20 20 26,27,21 21 23,27 22 23 23 24,28,30,27 24 25,30 25 30,34 26 27,29,28 27 28 28 32,31,30,29,33 29 32,31 30 34,33 31 32 32 35,33 33 35,34 34 35 36 37,40 37 39,38,40,46 38 45,48,39 39 49,48,46 40 46,47,42,41,43 41 42,43,44 43 47,44 44 47,51,49 45 48 46 49,47 47 49 48 49,50 49 51,50 50 51
setup_map wastelands 13 15 32 39
settings starting_regions 1 11 18 21 25 27 33 36 40 48
settings starting_pick_amount 4
