settings timebank 10000
settings time_per_move 500
settings max_rounds 127
settings your_bot player2
settings opponent_bot player1
setup_map super_regions 1 5 2 4 3 3 4 3 5 3 6 3 7 3 8 2 9 6 10 3 11 4
setup_map regions 1 1 2 1 3 1 4 1 5 1 6 1 7 2 8 2 9 2 10 2 11 3 12 3 13 3 14 3 15 4 16 4 17 4 18 4 19 4 20 5 21 5 22 5 23 5 24 5 25 6 26 6 27 6 28 6 29 6 30 7 31 7 32 7 33 7 34 8 35 8 36 8 37 9 38 9 39 9 40 9 41 9 42 9 43 9 44 10 45 10 46 10 47 11 48 11 49 11 50 11 51 11
setup_map neighbors 1 2,4 2 3,4,5 3 5,11 4 12,6,5 5 11,12 6 12 7 9,8,16,17 8 15,9,10 9 15,16 10 15,19 11 26,12,25 12 13,14,26 13 14,28,26,25,27 15 16,19,18 16 18,17 17 21,18,22 18 19,23,37,22 20 21 21 23,30,22 22 23 23 37,24,30,35 24 35,38,44,37 25 26,27,31 27 28,29,32 28 29 30 31,35,34 31 34,32 32 34,33 33 34,36 34 35,44,36 35 44 36 45,44 37 40,38,39 38 44,40,42,41 39 40,47 40 48,42,47 41 45,44,42,43 42 43,48 43 45,48,50 44 45 45 46 47 48,49 48 51,50,49 49 51 50 51
setup_map wastelands 1 27 29 31 41
settings starting_regions 3 9 13 15 24 25 30 35 43 44 51
settings starting_pick_amount 5
