settings timebank 10000
settings time_per_move 500
settings max_rounds 205
settings your_bot player2
settings opponent_bot player1
setup_map super_regions 1 3 2 4 3 3 4 4 5 3 6 7 7 5 8 0 9 4 10 2 11 2 12 0 13 4 14 3 15 5 16 4 17 7 18 2 19 2
setup_map regions 1 1 2 1 3 1 4 2 5 2 6 2 7 2 8 2 9 3 10 3 11 3 12 3 13 3 14 3 15 4 16 4 17 4 18 4 19 4 20 5 21 5 22 5 23 6 24 6 25 6 26 6 27 6 28 6 29 6 30 7 31 7 32 7 33 7 34 7 35 8 36 8 37 9 38 9 39 9 40 9 41 10 42 10 43 10 44 11 45 11 46 11 47 12 48 12 49 13 50 13 51 13 52 13 53 13 54 13 55 13 56 14 57 14 58 14 59 14 60 15 61 15 62 15 63 15 64 15 65 16 66 16 67 16 68 16 69 17 70 17 71 17 72 17 73 17 74 17 75 17 76 18 77 18 78 18 79 19 80 19 81 19 82 19
setup_map neighbors 1 4,2 2 4,3 3 4,7,8 4 7,5,6 5 6 6 9,13,7,25,14 7 25,44,8 8 44,50,51,49 9 10,14,13 10 14,23,24,11 11 12,23,15 12 15 13 14 14 24,25 15 18,23,17,16 16 21,30,17,20 17 18,30,19 18 19,32,23,47,38 19 31,32,30 20 21,22 21 30,22,36,31 23 37,39,24,38,26 24 25,26,27,28 25 44,27 26 39,40,28 27 44,45,28 28 40,65,45,66,29 29 67,73,72,40,69,70,65 30 31 31 34,33,36,41,32 32 47,57,33 33 57,58,34 34 41,58 35 36 36 41 37 39 38 39,47 39 47,40 40 56,48,69,47 41 43,42 42 43 44 45,46,51,60 45 60,66,46 46 60 47 56,57,48 48 56 49 50 50 51,53,52 51 53,60 53 60,62,55,54 54 55 55 63 56 59,69,57 57 76,59,58,77 58 77 59 76,69,79 60 61,62,66 61 71,62,66,67 62 63,64,71 64 74,71 65 67,66 66 67 67 68,71,72,73,74 68 74 69 70,80,73,79 70 73 71 74 72 73 73 80,82,75,74 75 82 76 78,79,77 77 78 78 79,81 79 82,80,81 80 82 81 82
setup_map wastelands 1 40 48 51 53 59 73 75 77
settings starting_regions 3 5 10 18 22 28 30 35 38 42 46 47 49 57 62 67 72 76 80
settings starting_pick_amount 9
