settings timebank 10000
settings time_per_move 500
settings max_rounds 140
settings your_bot player1
settings opponent_bot player2
setup_map super_regions 1 3 2 5 3 2 4 3 5 2 6 4 7 3 8 5 9 1 10 3 11 4 12 4 13 4
setup_map regions 1 1 2 1 3 1 4 1 5 2 6 2 7 2 8 2 9 2 10 3 11 3 12 3 13 4 14 4 15 4 16 4 17 5 18 5 19 5 20 5 21 6 22 6 23 6 24 6 25 7 26 7 27 7 28 7 29 7 30 8 31 8 32 8 33 8 34 8 35 9 36 9 37 9 38 10 39 10 40 10 41 11 42 11 43 11 44 11 45 11 46 11 47 12 48 12 49 12 50 12 51 12 52 13 53 13 54 13 55 13 56 13
setup_map neighbors 1 3,2,4 2 8,5,4 3 21,22,4 4 18,8,23,21 5 6,8 6 17,8,7,9 7 10,15,9 8 18,17 9 17,19,15,26 10 11,12,15 11 14,13,12 12 13,16,15 13 25,15,16,14,30,32 14 31,30 15 16,27,26,25 17 19,18 18 19,20,23,24 19 35 20 24 21 23,22 22 23 23 24 25 29,32,28,27 26 38,27,28 27 28 28 29,38 29 32,39,38 30 32,31 31 32 32 39,33 33 34 35 41,36,37,38 36 37 37 41,52,54,53 38 42,40,39 39 45,44,42,40 40 42 41 43,52,42 42 43,44 43 45,48,52,44,46,54 44 45 45 47,48 46 48,49,54 47 50,48 48 49,50,51 49 55,51,54 50 51 52 54 53 54,56 54 55,56 55 56
setup_map wastelands 15 21 25 28 50 51
settings starting_regions 3 5 10 16 19 23 29 34 37 39 42 48 52
settings starting_pick_amount 6
