settings timebank 10000
settings time_per_move 500
settings max_rounds 212
settings your_bot player2
settings opponent_bot player1
setup_map super_regions 1 3 2 7 3 3 4 5 5 5 6 1 7 3 8 2 9 1 10 1 11 0 12 2 13 5 14 3 15 6 16 1 17 6 18 4 19 4 20 1
setup_map regions 1 1 2 1 3 1 4 1 5 1 6 2 7 2 8 2 9 2 10 2 11 2 12 2 13 3 14 3 15 3 16 4 17 4 18 4 19 4 20 4 21 5 22 5 23 5 24 5 25 5 26 5 27 6 28 6 29 6 30 7 31 7 32 7 33 7 34 8 35 8 36 8 37 8 38 9 39 9 40 10 41 10 42 11 43 11 44 12 45 12 46 12 47 12 48 13 49 13 50 13 51 13 52 13 53 13 54 13 55 14 56 14 57 14 58 14 59 15 60 15 61 15 62 15 63 15 64 15 65 16 66 16 67 16 68 17 69 17 70 17 71 17 72 17 73 17 74 18 75 18 76 18 77 18 78 18 79 18 80 19 81 19 82 19 83 19 84 20 85 20
setup_map neighbors 1 2 2 5,8,34,3,4 3 4 4 8,6,7 5 8,11,34 6 7 7 10,9,8,13,12 8 11,12 9 14,10,13 10 14,19,40,12,11 11 35,34,12,40,48,36 13 14,16 14 15,19,16 15 19,17,16 16 17 17 21,20,24,18,19 18 25,20,30,24,44,45,42 19 42,43,41,20,40 20 42 21 24,23,25,22 22 27,25,26 23 25 24 25 25 27,30 26 27 27 28,29,30 28 29,38 29 31,30,38,55 30 31,44 31 55,32,44,57,68,33,47,45 32 57,33 33 68 34 59,35 35 36,59 36 59,37,48,61,60 37 51,61,49,48,64 38 55,56,39 39 56 40 41,49,48 41 43,49 42 45,46,43 43 50,49,46 44 45 45 47,46 46 53,47,50 47 68,76,74,53 48 49 49 50,51,52 50 53,52 51 52,80,64 52 81,80,53,54,78 53 54,74,75,78 54 78 55 56,58,57 56 58,65,66 57 58 58 66 59 60 60 63,61 61 64,63 62 63 63 84,64 64 84,85,80 65 67,66 68 72,76,69,71,77 69 72,73 70 77,71,79 71 79,77,72 74 77,75,76 75 77,78 76 77 77 79,78 78 79,82,81 79 82 80 81,85,82,83 81 82 82 83 84 85
setup_map wastelands 3 8 16 35 38 53 55 70 85
settings starting_regions 5 7 13 19 24 27 33 34 39 41 42 45 54 56 62 67 71 74 81 84
settings starting_pick_amount 7
