settings timebank 10000
settings time_per_move 500
settings max_rounds 180
settings your_bot player2
settings opponent_bot player1
setup_map super_regions 1 5 2 4 3 3 4 1 5 3 6 0 7 4 8 3 9 3 10 1 11 1 12 3 13 1 14 1 15 3 16 6 17 0 18 5 19 3
setup_map regions 1 1 2 1 3 1 4 1 5 1 6 1 7 1 8 2 9 2 10 2 11 2 12 2 13 3 14 3 15 3 16 3 17 3 18 4 19 4 20 5 21 5 22 5 23 6 24 6 25 7 26 7 27 7 28 7 29 7 30 7 31 8 32 8 33 8 34 8 35 8 36 9 37 9 38 9 39 10 40 10 41 10 42 11 43 11 44 11 45 12 46 12 47 12 48 12 49 12 50 13 51 13 52 14 53 14 54 15 55 15 56 15 57 16 58 16 59 16 60 16 61 16 62 16 63 17 64 17 65 18 66 18 67 18 68 18 69 18 70 19 71 19 72 19
setup_map neighbors 1 2 2 3,18,4,5 3 18 4 5 5 18,19,6,7 6 21,7,41,40,19 7 40 8 18,9,10 9 13,11,12,10 10 18,11 11 20,12,19,18 12 23,13,20,24 13 14,23 14 23,31,32,16,15 15 16 16 31,17,25,27 17 25 18 19 19 21,20 20 24,36,21,22 21 41,22 22 36,41,53,52,38,40 23 32,24,34,33 24 36,33 25 26,28,27,29 26 28 27 31,29 28 29 29 42,30,50,31 30 31,42 31 32,43,42,35,45,47 32 33,34,35 33 35,37,36,34,46 35 45,46 36 38,37 37 46,38 38 46,49,59,53 39 40 40 52,41 42 43,47,44,54,48,50 44 50,54 45 47,46,63 46 71,70,63,49 47 48,63 48 64,54,63,55,56 49 59,60,70,71,62 50 51,54 51 65,54,66 52 53,58,57 53 58,59 54 65,55 55 65,56 56 64,71,68,69,65,67 57 58 58 61,59 59 61,60 60 62,72,61 62 71,72 63 71,64 64 71 65 67,66 66 67 67 69 68 71,72,69 70 71 71 72
setup_map wastelands 3 19 22 24 25 28 50 51 58
settings starting_regions 1 8 17 18 20 23 29 35 36 41 44 45 52 54 59 63 66 72
settings starting_pick_amount 9
