settings timebank 10000
settings time_per_move 500
settings max_rounds 105
settings your_bot player1
settings opponent_bot player2
setup_map super_regions 1 2 2 3 3 2 4 5 5 5 6 7 7 2 8 1 9 2
setup_map regions 1 1 2 1 3 1 4 1 5 2 6 2 7 2 8 2 9 2 10 3 11 3 12 3 13 4 14 4 15 4 16 4 17 4 18 4 19 4 20 5 21 5 22 5 23 5 24 5 25 6 26 6 27 6 28 6 29 6 30 6 31 6 32 7 33 7 34 7 35 7 36 8 37 8 38 8 39 9 40 9 41 9 42 9
setup_map neighbors 1 2 2 3,12,4,20,10 3 5,6,4 4 6,20 5 7,8,6 6 8,22,20 7 8 8 25,23,9,22 9 25,23 10 20,15,12,11,21 11 13,15,14 12 20 13 16,14,17 14 15,16 15 21,32,19,16,24 16 18,19,17 17 18 18 19 19 32,34 20 23,21,22 21 23,24 22 23 23 27,25,30,29,24 24 27,32 25 26,28,30 26 31,28 27 29,33,36,32 28 31,30 29 30,36 30 31,37,36 31 37 32 34,33 33 36,39,34 34 40,35,39 35 41,40 36 37,39,38 37 38 38 39 39 40,42 40 41
setup_map wastelands 2 9 33
settings starting_regions 1 5 10 13 22 30 32 37 41
settings starting_pick_amount 4
