settings timebank 10000
settings time_per_move 500
settings max_rounds 152
settings your_bot player1
settings opponent_bot player2
setup_map super_regions 1 4 2 1 3 3 4 3 5 5 6 5 7 4 8 4 9 2 10 3 11 3 12 1 13 2 14 3
setup_map regions 1 1 2 1 3 1 4 1 5 1 6 2 7 2 8 2 9 3 10 3 11 3 12 4 13 4 14 4 15 4 16 5 17 5 18 5 19 5 20 5 21 5 22 6 23 6 24 6 25 6 26 6 27 6 28 6 29 7 30 7 31 7 32 7 33 7 34 8 35 8 36 8 37 8 38 9 39 9 40 9 41 9 42 9 43 10 44 10 45 10 46 11 47 11 48 11 49 11 50 11 51 12 52 12 53 12 54 13 55 13 56 13 57 13 58 14 59 14 60 14 61 14
setup_map neighbors 1 6,3,2 2 6,5,3,4 3 4 4 22,5 5 22,6,8 6 7,8 9 11,12,10 10 13,12 11 16,12 12 15,16,14,18,13,34 13 14 14 35,34,39 15 34,16,18 16 18,20,19,17,34 17 19 19 23,21,20 20 34,21 21 47,36,34 22 26,25,24 23 24,27,26 24 26 25 26,44,43 26 43,27,45,46 27 46,28 28 47 29 31,38 30 31,32 31 33,32,38,54,55 32 33,56 33 55,56 34 37,35,36 35 37 36 37 37 39 38 54,40,39 39 40,41 40 42,55,54,41 41 42 42 55 43 51,44,58,45,48 44 51 45 46,48 46 48,49,50,47 47 50 48 58,59,49 49 59,50 50 59,60 51 58,52,53 52 53 53 58,61 54 55 55 56,57 56 57 58 60,59,61 59 60 60 61
setup_map wastelands 13 21 25 39 44 46 60
settings starting_regions 2 6 10 12 19 27 33 34 41 45 47 52 56 59
settings starting_pick_amount 6
