settings timebank 10000
settings time_per_move 500
settings max_rounds 190
settings your_bot player2
settings opponent_bot player1
setup_map super_regions 1 4 2 5 3 3 4 7 5 2 6 2 7 1 8 6 9 3 10 2 11 4 12 2 13 4 14 4 15 3 16 3 17 2
setup_map regions 1 1 2 1 3 1 4 1 5 1 6 2 7 2 8 2 9 2 10 2 11 3 12 3 13 3 14 3 15 3 16 4 17 4 18 4 19 4 20 4 21 4 22 4 23 5 24 5 25 5 26 6 27 6 28 6 29 6 30 7 31 7 32 7 33 8 34 8 35 8 36 8 37 8 38 8 39 9 40 9 41 9 42 9 43 9 44 10 45 10 46 10 47 11 48 11 49 11 50 11 51 11 52 12 53 12 54 12 55 13 56 13 57 13 58 13 59 14 60 14 61 14 62 14 63 15 64 15 65 15 66 15 67 15 68 16 69 16 70 16 71 16 72 16 73 16 74 17 75 17 76 17
setup_map neighbors 1 6,4,3,2 2 3 3 5,30,4,10 4 6,9,5 5 9,10 6 7,9 7 9,8 8 9,23 9 10 10 30,47 11 17,16,14,12,13 12 13 13 14 14 17,15,18 15 18 16 17,24 17 25,24,18,20 18 21,20 19 25,20,41,40,39 20 25,22,41,21,55 21 56 22 55 23 25,39,24 24 25 25 39 26 27,28,29,53 27 52,28 28 52,53 29 53 30 47,31 31 32,64,47,50,51 32 66,74,64,51 33 34,35,36 34 35,44 35 45,38,37,36,44,59 36 59 37 38,59 38 60,46,59,45,61 39 40 40 42,49,41,48 41 55,57,43,42 42 51,49,43,57 43 57 44 45 45 46 46 53 47 48,51,50,49 48 49 50 51 51 75,74 52 64,63,53,54 53 54,68 54 69,68,63,70,65 55 56,58,57 57 58 59 61 60 61,62 63 64,65 64 65,66 65 66,70,67 66 74,67 67 70 68 69 69 70,73,72,71 70 73 74 75,76 75 76
setup_map wastelands 1 10 13 16 19 25 45 63
settings starting_regions 3 7 12 18 23 28 30 38 42 44 51 53 56 60 66 72 76
settings starting_pick_amount 6
