settings timebank 10000
settings time_per_move 500
settings max_rounds 122
settings your_bot player1
settings opponent_bot player2
setup_map super_regions 1 2 2 6 3 6 4 6 5 1 6 4 7 2 8 2 9 5 10 1
setup_map regions 1 1 2 1 3 1 4 1 5 1 6 2 7 2 8 2 9 2 10 2 11 2 12 3 13 3 14 3 15 3 16 3 17 3 18 3 19 4 20 4 21 4 22 4 23 4 24 4 25 4 26 5 27 5 28 5 29 6 30 6 31 6 32 6 33 7 34 7 35 7 36 8 37 8 38 8 39 8 40 8 41 9 42 9 43 9 44 9 45 9 46 9 47 10 48 10 49 10
setup_map neighbors 1 6,3,2 2 4,5,3,28 3 4,6 4 11,6,28 5 28 6 11,8,10,7 7 8 8 10,9 9 10,14,15,12 10 11,26,15,29 11 27,28,26 12 13,14 13 14,22,23,16,19 14 16,15 15 16,17,18 16 17,23 17 23,18 19 21,20,23,22 20 24,21 21 24,23 22 23 23 24,25 26 27 27 28 29 31,34,30 30 31 31 36,37,32,34,39,47,35 32 37,39 33 34 34 35,45,42 35 48,47,45 36 37 37 40,39,38 38 40 39 48,40,47 41 42 42 45,44,43 43 44 44 46,45 45 48,49 47 48 48 49
setup_map wastelands 10 15 24 35
settings starting_regions 3 8 18 25 28 29 33 40 44 49
settings starting_pick_amount 5
