settings timebank 10000
settings time_per_move 500
settings max_rounds 132
settings your_bot player2
settings opponent_bot player1
setup_map super_regions 1 2 2 1 3 3 4 2 5 6 6 1 7 4 8 3 9 7 10 3 11 3
setup_map regions 1 1 2 1 3 1 4 1 5 1 6 2 7 2 8 2 9 2 10 3 11 3 12 3 13 3 14 3 15 3 16 4 17 4 18 4 19 4 20 5 21 5 22 5 23 5 24 5 25 5 26 5 27 6 28 6 29 6 30 7 31 7 32 7 33 7 34 7 35 7 36 7 37 8 38 8 39 8 40 9 41 9 42 9 43 9 44 9 45 9 46 9 47 10 48 10 49 10 50 10 51 11 52 11 53 11
setup_map neighbors 1 2 2 3,5,4 3 10,5 4 5 5 37,11,38,10 6 7,9 7 8,9 8 16,9,17 9 16,27 10 12,11 11 13,38,12,14,15 13 15 14 38,39,15 15 39 16 27,18,19,17 17 18 18 40,19,22 19 28,29,41,27,40 20 21,23 21 22,23,25,24 22 40,25 23 24 24 48,25,49,26 25 48,47,40 26 49,50 27 28 28 29 29 32,34,41,42,36,31 30 31,33,32,37 31 32 32 36,33,34,35 33 35 34 36 35 51,36,37 36 51,53,43,42,52 37 38 38 39 40 44,47,41,45,42 41 42 42 43,46,45 43 53,46 44 47,45,50,48 45 46 46 53 47 48 48 49,50 49 50 51 52 52 53
setup_map wastelands 2 5 18 23 42
settings starting_regions 4 7 13 19 26 29 33 38 43 47 53
settings starting_pick_amount 3
