settings timebank 10000
settings time_per_move 500
settings max_rounds 112
settings your_bot player1
settings opponent_bot player2
setup_map super_regions 1 5 2 4 3 2 4 5 5 4 6 1 7 2 8 4 9 5 10 4
setup_map regions 1 1 2 1 3 1 4 1 5 1 6 1 7 1 8 2 9 2 10 2 11 2 12 2 13 2 14 3 15 3 16 3 17 4 18 4 19 4 20 4 21 4 22 4 23 5 24 5 25 5 26 5 27 6 28 6 29 6 30 7 31 7 32 7 33 8 34 8 35 8 36 8 37 9 38 9 39 9 40 9 41 9 42 10 43 10 44 10 45 10
setup_map neighbors 1 3,4 2 11,8,3,5 3 4,5 4 5,6 5 11,7,6 6 15,24,23,14,7,32 7 11,17,19,14 8 9,11 9 10,11 10 12,11,13 11 13 12 13 13 18 14 19,16,24,20,15 15 24 16 20,33,24 17 19 18 19 19 20,21 20 21,35,33,22 23 25,24 24 33,34,25 25 26,34 26 32 27 29,37,28,38 28 30,38 29 37,38,40 30 38,43,42,31,32 31 32 32 44,43 33 34,35 34 35,36 35 36 37 39,40 38 42,41,40 39 40 41 45,42 42 43,45 43 45,44
setup_map wastelands 9 26 29 34 44
settings starting_regions 1 10 16 21 24 28 30 35 41 43
settings starting_pick_amount 4
