settings timebank 10000
settings time_per_move 500
settings max_rounds 195
settings your_bot player1
settings opponent_bot player2
setup_map super_regions 1 3 2 6 3 4 4 0 5 5 6 0 7 3 8 3 9 0 10 3 11 2 12 1 13 0 14 0 15 3 16 4 17 6 18 4 19 2 20 3 21 3
setup_map regions 1 1 2 1 3 1 4 2 5 2 6 2 7 2 8 2 9 2 10 3 11 3 12 3 13 3 14 4 15 4 16 5 17 5 18 5 19 5 20 5 21 6 22 6 23 7 24 7 25 7 26 7 27 7 28 8 29 8 30 8 31 9 32 9 33 10 34 10 35 10 36 10 37 10 38 11 39 11 40 11 41 11 42 12 43 12 44 13 45 13 46 14 47 14 48 15 49 15 50 15 51 16 52 16 53 16 54 16 55 16 56 17 57 17 58 17 59 17 60 17 61 17 62 18 63 18 64 18 65 18 66 18 67 18 68 19 69 19 70 19 71 20 72 20 73 20 74 20 75 20 76 21 77 21 78 21
setup_map neighbors 1 2,28,14 2 6,29,3,28 3 4,6 4 6,5,11,10,12 5 10 6 29,11,8,7 7 29,8,38,30,9 8 11,42,39,38 9 31,38,41,40,32,30 10 16,12 11 13,42,12 12 16,18,13 13 18,42,19,44 14 28,15,23,25 15 28,25,30,27 16 17,18,19 17 20,19 18 19 19 44,20,45 20 45,44,51 21 23,22 22 26,24,23 23 25,24 24 25,26 25 27,26 26 48,27,33,46,47 27 33,31,30 28 29,30 29 30 30 31 31 33,32,34,40 32 40 33 48,34 34 40,35,48 35 36,40,48,37,72,50 36 72,76,78,37,68,75 37 68,40 38 39,41 39 56,58,42,41,57 40 68,57,41 41 57 42 56,43,44,62 43 44,62,63 44 45,51,63 46 47 47 71,49,48 48 50,49 49 50 50 72,71 51 63,52,53,55 52 55 53 63,55,54 54 63,64,65,55 55 65 56 62,64,58 57 69,68,59,58,64 58 64 59 64,66,69,60 60 66,61,70,69 61 70,76 62 64,63 63 64 64 66,65,67 65 67 66 67 68 70,77,69,76 69 70 70 77,76 71 72,73 72 73,75 73 75,74 75 78 76 77,78
setup_map wastelands 3 7 16 19 27 32 42 46 54 77
settings starting_regions 1 9 11 14 20 22 24 29 31 35 38 43 45 47 48 53 60 64 69 71 78
settings starting_pick_amount 10
