settings timebank 10000
settings time_per_move 500
settings max_rounds 102
settings your_bot player1
settings opponent_bot player2
setup_map super_regions 1 2 2 5 3 5 4 2 5 1 6 5 7 5 8 3 9 2
setup_map regions 1 1 2 1 3 1 4 1 5 1 6 2 7 2 8 2 9 2 10 2 11 3 12 3 13 3 14 3 15 3 16 4 17 4 18 4 19 4 20 5 21 5 22 5 23 6 24 6 25 6 26 6 27 6 28 7 29 7 30 7 31 7 32 7 33 7 34 7 35 8 36 8 37 8 38 9 39 9 40 9 41 9
setup_map neighbors 1 3,2,4 2 5,4,11,7 3 16,4 4 20,16,5,11 5 11 6 8,9,12,7 7 12,11 8 12,10,9,14,23 9 10,23 10 23 11 12,13,20 12 13,14 13 15,14,21,20,28 14 15,23,26,35 15 35,28 16 20,18,17 17 18 18 20,19,38,22 19 22,32,38 20 21,22 21 28,22 22 32,29,28,31 23 24,25,26 24 25 25 26,27 26 35,27 28 30,29,33,32,31,35 29 31 30 35,33,37,34,32 31 32 32 40,38,33,41,34 34 37,40 35 36,37 36 37 38 40,39 39 40 40 41
setup_map wastelands 4 8 11 38
settings starting_regions 1 10 14 16 22 26 33 36 39
settings starting_pick_amount 3
