settings timebank 10000
settings time_per_move 500
settings max_rounds 152
settings your_bot player2
settings opponent_bot player1
setup_map super_regions 1 5 2 6 3 2 4 2 5 4 6 4 7 1 8 2 9 6 10 2 11 2 12 4
setup_map regions 1 1 2 1 3 1 4 1 5 1 6 1 7 1 8 2 9 2 10 2 11 2 12 2 13 2 14 2 15 3 16 3 17 3 18 3 19 4 20 4 21 4 22 5 23 5 24 5 25 5 26 5 27 5 28 6 29 6 30 6 31 6 32 6 33 7 34 7 35 7 36 7 37 8 38 8 39 8 40 8 41 9 42 9 43 9 44 9 45 9 46 9 47 10 48 10 49 10 50 10 51 11 52 11 53 11 54 11 55 12 56 12 57 12 58 12 59 12 60 12 61 12
setup_map neighbors 1 2,19,7,4,21,6 2 20,3,8,22,19 3 8 5 19,21,20,25,49,48,7 6 7,47 7 47,48,21 8 9,10,24,23,22,12 9 10 10 12,11 11 14,12,13 12 13,33,24 14 37 15 16,18 16 17,28,29,18 17 28 18 29,30 19 20,21 20 22,25 22 23,24,25,26 23 24 24 26,25,34,35,33 25 27,26,35 28 29,31 29 32,31,30,41 30 41 31 52,51,32 32 51 33 34,36,35 34 35 35 36 36 38 37 42,38,45,43,39,41 38 39 39 56,45,40,55,43,46,57 40 43,46 41 43,42 42 43 43 44,46,45 44 51,46 46 51,58,57 47 50,49,48 48 49 49 50 51 53,52,54 52 54 53 54 55 60,59,56 56 59,60,61,57 57 61,58 59 60,61
setup_map wastelands 28 32 36 38 47 60
settings starting_regions 2 14 18 21 25 30 35 39 42 49 53 55
settings starting_pick_amount 6
