settings timebank 10000
settings time_per_move 500
settings max_rounds 177
settings your_bot player2
settings opponent_bot player1
setup_map super_regions 1 2 2 7 3 3 4 4 5 3 6 5 7 4 8 2 9 2 10 5 11 4 12 5 13 3 14 1 15 4
setup_map regions 1 1 2 1 3 1 4 1 5 2 6 2 7 2 8 2 9 2 10 2 11 2 12 3 13 3 14 3 15 3 16 3 17 4 18 4 19 4 20 4 21 4 22 4 23 4 24 5 25 5 26 5 27 5 28 6 29 6 30 6 31 6 32 6 33 6 34 7 35 7 36 7 37 7 38 7 39 8 40 8 41 8 42 9 43 9 44 9 45 10 46 10 47 10 48 10 49 10 50 11 51 11 52 11 53 11 54 12 55 12 56 12 57 12 58 12 59 12 60 12 61 13 62 13 63 13 64 14 65 14 66 14 67 14 68 15 69 15 70 15 71 15
setup_map neighbors 1 5,2,3,7 2 3,7,28 3 28,4,29 4 29,31 5 7,6 6 8,12,7,9 7 8,28 8 28,9,10 9 10,14,12,15 10 28,30,11 11 37 12 13,15 13 14,15 14 15,16 16 24 17 18,24 18 19,24 19 25,26,27,24,20,22 20 22,21,23 22 25,23 24 26 25 35,27,36 26 27 27 34,36 28 29,30 29 30,32,31 30 32 31 32,54 32 33,56,55,54,57 33 55,57 34 37,50,36 35 45,46,36,38,47 36 50,46 37 50 38 47,43 39 40 40 41 41 61,44,42 42 43,44 43 44 44 69,61,68 45 46,47 46 50,47,49,52 47 49,48 49 52,53 50 52,53,51 51 53 52 53 54 64,57,58 55 59,56,58,57,60 57 58 58 65,59,66,64,60 59 60 60 66 61 68,62 62 63,68 63 68 64 65,67 65 66,67 66 67 68 70,71,69 69 71,70 70 71
setup_map wastelands 12 15 41 44 57 65 69
settings starting_regions 1 8 14 21 24 32 36 39 42 47 51 55 63 64 70
settings starting_pick_amount 5
