settings timebank 10000
settings time_per_move 500
settings max_rounds 202
settings your_bot player1
settings opponent_bot player2
setup_map super_regions 1 5 2 5 3 2 4 3 5 3 6 4 7 0 8 1 9 1 10 4 11 1 12 1 13 7 14 1 15 2 16 6 17 5 18 2 19 1
setup_map regions 1 1 2 1 3 1 4 1 5 1 6 1 7 1 8 2 9 2 10 2 11 2 12 2 13 2 14 3 15 3 16 3 17 4 18 4 19 4 20 4 21 5 22 5 23 5 24 5 25 6 26 6 27 6 28 6 29 6 30 7 31 7 32 8 33 8 34 9 35 9 36 9 37 10 38 10 39 10 40 10 41 10 42 10 43 11 44 11 45 11 46 12 47 12 48 12 49 13 50 13 51 13 52 13 53 13 54 13 55 13 56 14 57 14 58 15 59 15 60 15 61 15 62 16 63 16 64 16 65 16 66 16 67 16 68 17 69 17 70 17 71 17 72 17 73 17 74 17 75 18 76 18 77 18 78 18 79 19 80 19 81 19
setup_map neighbors 1 8,4,2,3,6,5 3 25,8,35,4,34,7 4 7,6 5 37,6,7 6 7 7 56,42,40,39,37,35,36 8 9,11,13,25 9 10,11 10 12,14,11,30 11 13,26,30 12 14,16,30 13 26,25 14 16,15 15 16,17,21 16 23,22,21,31,30 17 18,19,21 18 19 19 21,20 20 24,21,50,49 21 24,23 22 44,43,33,23,31,32,24 23 24 24 44,49 25 34,26 26 27,30,32,36,34 27 36,32,28,43,29,58 28 58,36,46 29 43,59,58 30 32,31 31 32 32 33,43 33 43 34 35,36 35 36 36 46,56 37 39,38 38 41,39,40 39 40 40 41,42,68 42 56,68 43 51,44,45,59 44 45,49 45 49,51 46 47,56,48,58,75 47 48 48 69,75,56 49 53,52,50,54,62,51 50 55,53,54,65 51 59,62 52 53,62 53 63,62,54,65 56 69,57,68 57 68,70,69 58 75,76,77,59 59 62,60,61,64,77 60 64,79,77,76 61 63,64,62 62 63 63 67,65,64 64 79,66,67,80 65 67 66 80,79 68 72,71,70 69 73,74,70,78,75 70 74,72,71 71 72,74 73 80,78 75 76,78 76 79,80,78,77 78 80 79 81,80 80 81
setup_map wastelands 14 17 23 50 61 66 75 76
settings starting_regions 7 8 15 20 24 27 31 32 34 41 44 47 51 57 58 67 72 77 81
settings starting_pick_amount 8
