settings timebank 10000
settings time_per_move 500
settings max_rounds 125
settings your_bot player2
settings opponent_bot player1
setup_map super_regions 1 3 2 6 3 1 4 3 5 7 6 4 7 6 8 4 9 2 10 3
setup_map regions 1 1 2 1 3 1 4 1 5 1 6 1 7 2 8 2 9 2 10 2 11 2 12 2 13 3 14 3 15 3 16 4 17 4 18 4 19 4 20 4 21 5 22 5 23 5 24 5 25 5 26 5 27 5 28 6 29 6 30 6 31 6 32 6 33 7 34 7 35 7 36 7 37 7 38 7 39 8 40 8 41 8 42 8 43 8 44 9 45 9 46 9 47 9 48 10 49 10 50 10
setup_map neighbors 1 2,8,4 2 3,5,6,4 3 6 4 8,14,5 5 14,6,17,16,28 6 16 7 9 8 10,14,13,9 9 13,11,10,12 10 13 11 12,24 12 13,15,33,29 13 14,15 14 28,15 15 29,28 16 17,18,30,31 17 28,30 18 19,20,31 19 20 20 30,31 21 23 22 23,34,24 23 26,25,27,34 24 35,34 25 27,44,46 26 48,27,38,34,37,43,40 27 48,49,46 28 29,30 29 30,39,35,33 30 31,32 33 35 34 37,35,38 35 36,38 36 38,41,40,39,42 37 38 38 40 39 42 40 43,42,41 41 42 43 48,50 44 46,45 45 46,47 46 49,50,47 47 50 48 50,49 49 50
setup_map wastelands 10 21 38 49 50
settings starting_regions 4 7 13 16 27 28 37 40 47 48
settings starting_pick_amount 3
