settings timebank 10000
settings time_per_move 500
settings max_rounds 172
settings your_bot player2
settings opponent_bot player1
setup_map super_regions 1 4 2 2 3 6 4 3 5 3 6 3 7 5 8 4 9 4 10 5 11 4 12 4 13 4 14 3 15 3
setup_map regions 1 1 2 1 3 1 4 1 5 1 6 1 7 2 8 2 9 2 10 2 11 3 12 3 13 3 14 3 15 3 16 3 17 3 18 4 19 4 20 4 21 4 22 5 23 5 24 5 25 5 26 5 27 6 28 6 29 6 30 7 31 7 32 7 33 7 34 7 35 8 36 8 37 8 38 8 39 8 40 9 41 9 42 9 43 9 44 10 45 10 46 10 47 10 48 10 49 11 50 11 51 11 52 11 53 12 54 12 55 12 56 12 57 12 58 13 59 13 60 13 61 13 62 13 63 14 64 14 65 14 66 14 67 15 68 15 69 15
setup_map neighbors 1 3,8,2,4,7 2 5,6,4 3 6,27,9,4,8 4 6 5 12,6,11 6 12,14,27,15,28 7 8,10 8 9,10 9 10,28,27 11 12 12 13,16,17,19,14,15,20 14 15 15 35,28,17 16 17 17 36,35,20 18 23,22,19 19 20,23,44,21 20 21,36 21 36,38,63,44,45 22 25,24,23 23 24,44 24 26,45,25,44 25 30,26 26 46,45,33,47,30,32 27 28 28 35,29,40 29 35,49,41,40 30 32,31 31 32 32 33,34 33 47,34,48 34 48,68 35 49,37,36,38 36 38 37 39,51,50,38,49 38 39 39 51,63 40 41 41 42,49,50 42 43,54,53,51,50 43 55,65,51,52,54,57 44 45 45 67,46,48,68,63 46 47,48 47 48 48 68 49 50 50 51 51 52,63,64 52 65,64 53 54,60,55 54 55 55 56,60,57 56 60,62 57 65 58 60,61,59 60 62,61 63 67,64,66 64 65,66 65 66 66 67,69 67 68,69 68 69
setup_map wastelands 1 26 43 48 52 56
settings starting_regions 2 8 14 19 23 28 30 39 40 45 49 53 61 63 67
settings starting_pick_amount 7
