settings timebank 10000
settings time_per_move 500
settings max_rounds 182
settings your_bot player1
settings opponent_bot player2
setup_map super_regions 1 5 2 6 3 2 4 4 5 5 6 3 7 6 8 2 9 4 10 1 11 6 12 5 13 2 14 3 15 3
setup_map regions 1 1 2 1 3 1 4 1 5 1 6 1 7 1 8 2 9 2 10 2 11 2 12 2 13 2 14 3 15 3 16 3 17 4 18 4 19 4 20 4 21 4 22 4 23 5 24 5 25 5 26 5 27 5 28 5 29 6 30 6 31 6 32 7 33 7 34 7 35 7 36 7 37 7 38 7 39 8 40 8 41 8 42 8 43 9 44 9 45 9 46 9 47 10 48 10 49 10 50 11 51 11 52 11 53 11 54 11 55 11 56 12 57 12 58 12 59 12 60 12 61 13 62 13 63 13 64 14 65 14 66 14 67 14 68 15 69 15 70 15 71 15 72 15 73 15
setup_map neighbors 1 5,24,2,4 2 4,6,3,10 3 8,10 4 29,5,6 6 30,29,7,10,43 7 43,10 8 9,10 9 11,19,18,10 10 13,18,12,43 11 19 12 22,36,44,43,13,19,18 13 43 14 17,15,20,16 15 16 16 33,32,20 17 20,19 18 19 19 21,20 20 33,21 21 36,22,35,33 22 36 23 25,26 24 26 25 27,26 26 27,39,47 27 48,28,49,47 29 30 30 43,31,52 31 40,50,51,52 32 34,33,37 33 35,37 35 37,36 36 37,44,38 37 38 39 40,47 40 42,56,47,41 41 50,42 42 50,54,56 43 44,52 44 52,45 45 46,65,52 46 65,67 47 56,49 48 56,62,58,61,49 49 56 50 53,51,54 51 52,53 52 64,53,65 53 66,55,65,54 54 55 56 57,58,59 57 59,58 58 68,63,69,62,60 60 72,68,71,63,61 61 63,62 62 63 64 65 65 67,66 66 67 68 71,72,69,73 69 70,73 71 72 72 73
setup_map wastelands 16 17 26 29 35 46 55
settings starting_regions 7 11 14 21 24 30 38 41 44 47 50 56 63 66 70
settings starting_pick_amount 6
