settings timebank 10000
settings time_per_move 500
settings max_rounds 122
settings your_bot player2
settings opponent_bot player1
setup_map super_regions 1 1 2 3 3 1 4 5 5 4 6 2 7 5 8 3 9 1 10 2 11 6
setup_map regions 1 1 2 1 3 1 4 2 5 2 6 2 7 2 8 3 9 3 10 3 11 3 12 4 13 4 14 4 15 4 16 4 17 5 18 5 19 5 20 5 21 5 22 6 23 6 24 6 25 7 26 7 27 7 28 7 29 7 30 8 31 8 32 8 33 8 34 8 35 8 36 9 37 9 38 9 39 10 40 10 41 10 42 10 43 11 44 11 45 11 46 11 47 11 48 11 49 11
setup_map neighbors 1 13,3,12 2 3,4 3 26,25,13 4 5 5 6,18 6 7,17,18,19 7 17,8,10,11 8 10,9 9 10 10 11 11 20,17,31 12 13,14 13 14,25 14 25,15,16,28 15 16,43 16 28,27,43,44,39,40 17 20,19 18 19 19 20,21 20 21 21 31 22 24,30,32 23 24 24 36,32 25 26,27,28 26 27 27 29,39,28 30 32,31 31 33,34,32 32 37,33,36,35 33 35,34 34 35 35 37 36 37,38 37 38 39 40 40 41,42,44,46 42 46 43 45,44 44 46,45 45 46,47 46 48,49,47 47 48
setup_map wastelands 22 26 32 45 47
settings starting_regions 3 5 11 14 19 24 29 30 36 42 44
settings starting_pick_amount 5
