settings timebank 10000
settings time_per_move 500
settings max_rounds 180
settings your_bot player2
settings opponent_bot player1
setup_map super_regions 1 6 2 2 3 3 4 6 5 5 6 3 7 3 8 1 9 4 10 4 11 2 12 5 13 3 14 3 15 3 16 4
setup_map regions 1 1 2 1 3 1 4 1 5 1 6 1 7 1 8 2 9 2 10 2 11 3 12 3 13 3 14 3 15 4 16 4 17 4 18 4 19 4 20 4 21 5 22 5 23 5 24 5 25 5 26 5 27 5 28 6 29 6 30 6 31 7 32 7 33 7 34 7 35 7 36 8 37 8 38 8 39 9 40 9 41 9 42 9 43 9 44 10 45 10 46 10 47 10 48 11 49 11 50 11 51 11 52 12 53 12 54 12 55 12 56 12 57 13 58 13 59 13 60 13 61 14 62 14 63 14 64 14 65 15 66 15 67 15 68 15 69 16 70 16 71 16 72 16
setup_map neighbors 1 2,8 2 3,7,6,4,5,8 3 8,29,28,39,7 4 5 6 40,48,7,41 7 39,40 8 9,28 9 28,10 10 11,12,28 11 19,12,15 12 28,13,36,19 13 14,19,44,36 14 19,52,45,47,44 15 16,18,19 16 17,18,20 17 23,21,31,18,20,26 18 20,19,32,31 19 31,34,52 21 23,22 22 23,25,24 23 25,26 24 25 25 26,27 26 35,27,53,33,31 28 30,36,29 29 36,39 30 36 31 32,33,34 33 34,35 34 54,52,35,53 35 53 36 38,37,39,44 37 39,42,38,44,57,46 38 44 39 41,40,42 40 41 41 65,48,43,66,42 42 57,43 43 57,66 44 61,45,46 45 47,62,61 46 61,57 47 52 48 49,50,65 49 50 50 65,69,51 51 69,71 52 54,55 53 55,54 54 55 55 56 57 61,58,66,70 58 70,61,59,63 59 63,60,70 60 72,70 61 62,63 62 64,63 65 66,68,67,69,70 66 70 67 71,69,68 68 72,71,70 69 71 70 72 71 72
setup_map wastelands 3 7 9 23 24 48 52 64
settings starting_regions 2 10 12 17 25 30 33 38 42 45 50 54 59 62 65 69
settings starting_pick_amount 7
