settings timebank 10000
settings time_per_move 500
settings max_rounds 112
settings your_bot player1
settings opponent_bot player2
setup_map super_regions 1 4 2 4 3 3 4 2 5 4 6 2 7 5 8 5 9 3 10 4
setup_map regions 1 1 2 1 3 1 4 1 5 2 6 2 7 2 8 2 9 3 10 3 11 3 12 3 13 3 14 3 15 4 16 4 17 4 18 4 19 5 20 5 21 5 22 5 23 6 24 6 25 6 26 6 27 7 28 7 29 7 30 7 31 7 32 8 33 8 34 8 35 8 36 8 37 9 38 9 39 9 40 9 41 10 42 10 43 10 44 10 45 10
setup_map neighbors 1 5,15,2,16,4 2 3,4 3 4,16,12,9 4 16 5 7,19,15,20 6 7,8 7 19,20,21,8 8 21 9 12,11,10 10 12 11 12 12 13,14,16,17,28 13 16 14 28 15 20,16,23 16 18,27,17,23 17 27,28 18 24,27,23 19 20 20 24,25,21,23 21 25,22,32 22 32,34 23 24 24 25,33,26,35,38,27 25 32,33 26 27,37,38 27 29,28,37,31,39 28 29,30 29 30,31,39 31 39 32 33,36,34 33 35,36 34 36 35 38,36 36 42,41,43,38 37 39,38 38 43,40,39,45,41 39 40 41 43 42 43,44 43 45
setup_map wastelands 16 18 20 41 44
settings starting_regions 1 5 13 17 19 25 29 32 40 43
settings starting_pick_amount 5
