settings timebank 10000
settings time_per_move 500
settings max_rounds 137
settings your_bot player2
settings opponent_bot player1
setup_map super_regions 1 4 2 5 3 3 4 4 5 4 6 5 7 3 8 3 9 3 10 4 11 3
setup_map regions 1 1 2 1 3 1 4 1 5 1 6 1 7 1 8 2 9 2 10 2 11 2 12 2 13 2 14 3 15 3 16 3 17 3 18 3 19 4 20 4 21 4 22 4 23 4 24 4 25 5 26 5 27 5 28 5 29 5 30 6 31 6 32 6 33 6 34 6 35 7 36 7 37 7 38 7 39 8 40 8 41 8 42 8 43 9 44 9 45 9 46 9 47 9 48 10 49 10 50 10 51 10 52 11 53 11 54 11 55 11
setup_map neighbors 1 2,4,3,6,5 2 8,9,4 3 5 4 12,7,9,6 5 6 6 7,26,15 7 12 8 10,11,9 9 10,12 10 11,12 11 13,12,31 12 13 14 15,16 15 16,25,27,17 16 17 17 29,18,27 18 29 19 22,20,21,39 20 21,23 21 22,39,48,24,23 22 39 23 24,34 24 48,49,34 25 28,27,26 26 28,31 27 28,29 28 35,29 29 36,38,35 30 32,31,33 31 32 32 33,45,43 33 44,45,34 34 44,49 35 37,36,38,43 36 38,37 37 38 39 40,48,41 40 41,48,42 41 42 42 50 43 47,45 44 49,51,52,45,46 45 46,53,52,47 46 52 47 53 48 50,49 49 51,50 50 51 51 55,52 52 55,54 53 54
setup_map wastelands 11 17 32 36 51
settings starting_regions 1 12 18 22 29 34 35 42 43 49 52
settings starting_pick_amount 4
