settings timebank 10000
settings time_per_move 500
settings max_rounds 157
settings your_bot player1
settings opponent_bot player2
setup_map super_regions 1 2 2 1 3 3 4 4 5 2 6 7 7 2 8 1 9 4 10 6 11 4 12 2 13 3
setup_map regions 1 1 2 1 3 1 4 1 5 1 6 2 7 2 8 2 9 2 10 3 11 3 12 3 13 3 14 4 15 4 16 4 17 4 18 4 19 4 20 5 21 5 22 5 23 5 24 6 25 6 26 6 27 6 28 6 29 6 30 6 31 7 32 7 33 7 34 7 35 8 36 8 37 8 38 9 39 9 40 9 41 9 42 9 43 9 44 10 45 10 46 10 47 10 48 10 49 10 50 11 51 11 52 11 53 11 54 11 55 11 56 12 57 12 58 12 59 13 60 13 61 13 62 13 63 13
setup_map neighbors 1 2,3 2 6,14,3 3 5,15,14 4 5 5 16,15 6 8,9,7,14 8 9 9 17,14 10 11,24,13,22,12 11 22 12 22 13 24,22 14 15,17,18,19,16 15 16 16 19,35 18 35,19 19 35 20 21 21 22,32,31,23 22 24,25,23 23 33,32,34,25,28 24 25,26,27 25 27,26,28 26 27,28,29 28 51,50,34,29,30 29 30 30 52,51 31 32 32 33 33 50,34 34 50 35 37,44,36,38 36 37 37 45,44 38 41,40,44,39 39 40,42 40 42,43,46,41 41 44,46 42 43,54 43 48,49,46 44 46,47,45 45 48,47 46 48,47 47 48 48 49 50 56,51,60 51 53,60,52 52 54,53 53 63,60,54,55 54 55 55 63 56 59,58,57,60 57 58 58 59,61 59 60,62,61 60 63,62 61 62 62 63
setup_map wastelands 10 11 36 43 52 62
settings starting_regions 3 8 12 19 20 28 33 37 40 47 54 57 60
settings starting_pick_amount 6
