settings timebank 10000
settings time_per_move 500
settings max_rounds 127
settings your_bot player2
settings opponent_bot player1
setup_map super_regions 1 5 2 2 3 3 4 5 5 1 6 4 7 7 8 4 9 2 10 4 11 3
setup_map regions 1 1 2 1 3 1 4 1 5 1 6 1 7 2 8 2 9 2 10 3 11 3 12 3 13 3 14 3 15 4 16 4 17 4 18 4 19 4 20 4 21 5 22 5 23 5 24 6 25 6 26 6 27 6 28 6 29 7 30 7 31 7 32 7 33 7 34 7 35 7 36 8 37 8 38 8 39 8 40 9 41 9 42 9 43 9 44 10 45 10 46 10 47 10 48 11 49 11 50 11 51 11
setup_map neighbors 1 5,30,2 2 3,5 3 4,5,7,6 4 6,29,5 5 29,30 6 7,9,36,29 7 9,8 8 40,38,9,22 9 38,37,36 10 12,11,13,21 11 24,12,15 12 25,13,24,26 13 22,26,14,21 14 26,45,22 15 16,18,19,24 16 20,19 17 20 18 19,24,27 19 28,20,27 21 22 22 23,45 23 47,45 24 25,44,27,26 25 26 26 44,45 27 28,48,49,44 28 49 29 31,36,33,30 30 32,33 31 39,33,35,41,36 32 34,33 35 41,42 36 39,37 37 38,39 38 40,41,39 39 41 40 43,41 41 42,43 42 43 44 48,46,45 45 46,47,48,50 46 48 48 49,50 49 50 50 51
setup_map wastelands 3 13 29 37 49
settings starting_regions 6 8 14 17 21 26 34 36 43 46 51
settings starting_pick_amount 4
