settings timebank 10000
settings time_per_move 500
settings max_rounds 145
settings your_bot player1
settings opponent_bot player2
setup_map super_regions 1 4 2 3 3 4 4 5 5 1 6 6 7 3 8 1 9 3 10 3 11 3 12 3 13 1
setup_map regions 1 1 2 1 3 1 4 1 5 1 6 2 7 2 8 2 9 2 10 2 11 3 12 3 13 3 14 3 15 3 16 4 17 4 18 4 19 4 20 4 21 4 22 5 23 5 24 5 25 6 26 6 27 6 28 6 29 6 30 6 31 6 32 7 33 7 34 7 35 8 36 8 37 8 38 9 39 9 40 9 41 9 42 9 43 10 44 10 45 10 46 10 47 10 48 11 49 11 50 11 51 11 52 12 53 12 54 12 55 12 56 13 57 13 58 13
setup_map neighbors 1 3,5 2 5,4 3 11,5 4 12,5 5 12,13,11 6 16,7,22,23 7 8,22 8 43,9,44,24,22 9 44,10,46,28 10 46,30,56 11 32,14,13 12 13,26,27 13 35,15,38,14,39 14 32,39 15 35,36,27 16 23,17,18 17 23,18,19 18 19 19 21,45,20,23 20 23 22 24,23 23 24,44,45 24 43,44 25 26 26 29,27 27 36,29,31 28 30 29 52,53,30,31,54 30 56,52,57 31 36,54 32 33,39 33 34,39 34 48,39 35 38,39,36,37 36 37,41,54 37 39,40,41 38 39 39 40,48 40 51,41,48,42 41 54,42 42 51 43 44 44 45,46,47 45 47 48 49,51,50 49 50 50 51 52 53,57 53 54,55,57,58 54 55,58 55 58 56 57 57 58
setup_map wastelands 2 3 7 20 56
settings starting_regions 5 9 15 16 23 28 33 36 40 47 50 52 58
settings starting_pick_amount 5
