settings timebank 10000
settings time_per_move 500
settings max_rounds 185
settings your_bot player2
settings opponent_bot player1
setup_map super_regions 1 5 2 0 3 7 4 4 5 1 6 3 7 0 8 2 9 4 10 3 11 4 12 1 13 6 14 2 15 2 16 0 17 5 18 1 19 1 20 1
setup_map regions 1 1 2 1 3 1 4 1 5 1 6 1 7 2 8 2 9 3 10 3 11 3 12 3 13 3 14 3 15 3 16 4 17 4 18 4 19 4 20 4 21 5 22 5 23 6 24 6 25 6 26 6 27 6 28 7 29 7 30 8 31 8 32 8 33 9 34 9 35 9 36 9 37 9 38 10 39 10 40 10 41 11 42 11 43 11 44 11 45 12 46 12 47 13 48 13 49 13 50 13 51 13 52 13 53 13 54 14 55 14 56 14 57 14 58 15 59 15 60 15 61 16 62 16 63 17 64 17 65 17 66 17 67 17 68 17 69 18 70 18 71 19 72 19 73 20 74 20
setup_map neighbors 1 24,4,3,2 2 3 3 7,5,8,6,4 4 24,6,25 5 6,30,8 6 30,47,26,25 7 12,8,9 8 13,12,30 9 12,10,13 10 17,14,11,16,13 11 16 12 13 13 30,15,33,34,31,14 14 33,20,17,41,15 15 33 16 21,17,18,20,19 17 19,20 18 45,22,20,21,38 19 20 20 42,41,45 21 22 23 24 24 28,25 25 26,27,28,59,69,29 26 47,59,58 27 69 28 29 30 31,47,32 31 32,34 32 37,48,47,34,36 33 41,34,35 34 35,36 35 43,36,41,61,63,37 36 37 37 49,48,62,61 38 39,45,46,40 39 40 40 54,46 41 42,43 42 44,43,55,45,46,63 43 44,63 44 63 45 46 46 55,54,56 47 48,58 48 51,50,58,49,60 49 62,73,74,51,53 50 52,53,70,60,51 51 52,53 52 53 53 74 54 57,56,55 55 56,65,71,63,64,66,57 57 71 58 59,69,60 59 69 60 70,69 61 63,64,62 62 73,64 63 64 64 66,67,73 65 71,72,66 66 67,72 67 74,73,72,68 68 72 69 70 71 72 73 74
setup_map wastelands 10 11 40 46 51 58 60 69 72
settings starting_regions 1 7 12 17 22 27 29 30 37 39 43 45 52 57 59 62 65 70 71 74
settings starting_pick_amount 5
