settings timebank 10000
settings time_per_move 500
settings max_rounds 180
settings your_bot player1
settings opponent_bot player2
setup_map super_regions 1 4 2 4 3 3 4 4 5 6 6 6 7 3 8 5 9 6 10 3 11 4 12 4 13 4 14 2
setup_map regions 1 1 2 1 3 1 4 1 5 2 6 2 7 2 8 2 9 2 10 2 11 3 12 3 13 3 14 4 15 4 16 4 17 4 18 4 19 4 20 5 21 5 22 5 23 5 24 5 25 5 26 5 27 6 28 6 29 6 30 6 31 6 32 6 33 7 34 7 35 7 36 7 37 7 38 8 39 8 40 8 41 8 42 8 43 8 44 8 45 9 46 9 47 9 48 9 49 9 50 9 51 9 52 10 53 10 54 10 55 10 56 11 57 11 58 11 59 11 60 12 61 12 62 12 63 12 64 12 65 12 66 13 67 13 68 13 69 13 70 14 71 14 72 14
setup_map neighbors 1 12,3,2,11 2 11 3 4,17,12,15 4 17,13,12 5 7 6 8,7,9 7 8,10,33 8 9,10,20,21,34 9 20 10 33,34 11 12,13 12 13 13 41,19,45,46,17 14 16,17,18,15 15 17 16 18 17 18,38,19,40 18 40,39 19 41,38 20 22,21 21 22,35,24,34,37 22 24,29,23 23 60,24,29,31 24 37,25,71,60,26 25 71,60,61,70 26 71,37,59 27 29,28 28 31,29,30 29 31 30 31,32 31 32,60,61 32 62,61,63 33 34,36,56 34 57,35,36,56,37 37 57,59 38 41,40 39 42,44,40 40 43,42,48,47,41 41 48,46 42 66,44,43,47 43 47 44 52,66,68 45 46 46 50,48 47 66,69,49,48,51 48 50,51,49 49 51 50 51 52 53,54,67,68,55 53 55 54 55 55 65,67 56 58,57 57 58,59 58 59 60 61 61 63,70,72 62 64,63,65 63 64,72 66 68,69 67 68 70 72,71 71 72
setup_map wastelands 12 29 34 47 48 64 68
settings starting_regions 1 9 11 14 26 32 36 39 46 52 58 65 66 71
settings starting_pick_amount 5
