settings timebank 10000
settings time_per_move 500
settings max_rounds 147
settings your_bot player2
settings opponent_bot player1
setup_map super_regions 1 2 2 2 3 5 4 2 5 3 6 4 7 3 8 1 9 3 10 3 11 3 12 2 13 4 14 2
setup_map regions 1 1 2 1 3 1 4 1 5 1 6 2 7 2 8 2 9 2 10 3 11 3 12 3 13 3 14 3 15 4 16 4 17 4 18 4 19 5 20 5 21 5 22 5 23 5 24 6 25 6 26 6 27 6 28 7 29 7 30 7 31 8 32 8 33 8 34 8 35 9 36 9 37 9 38 9 39 10 40 10 41 10 42 10 43 11 44 11 45 11 46 11 47 12 48 12 49 12 50 13 51 13 52 13 53 13 54 13 55 14 56 14 57 14 58 14 59 14
setup_map neighbors 1 4,2 2 5,4 3 15,5 4 5,11,10 5 12,15,11 6 8,7,9 7 9 8 15,28,18,9 9 28,20,23,35,36 10 24,13,27,26,11,17 11 12,13 12 16,14,15,18,17,13 13 17 14 17,18 15 18,16 16 18 17 27,18 18 29,28 19 20,21,22 20 21,23 21 23,22 22 23 23 38,36,37 24 26,25 25 39,26 26 39,40,27 27 40,41,51,50 28 30,35,29 29 30 30 37,35,36 31 32,43 32 43,33,34 33 43,44,34,46 34 46 35 36 36 37 37 38 39 42,40,45 40 47,42,41 41 47,50 42 47,45 43 44,45 44 55,56,46,45 46 55,58 47 52,50,48,53,49 49 53 50 51,54,53,52 51 54 53 54 55 58,57,59,56 56 57 57 59
setup_map wastelands 15 17 22 42 49 55
settings starting_regions 2 7 10 16 21 27 30 31 38 39 44 47 53 57
settings starting_pick_amount 5
