settings timebank 10000
settings time_per_move 500
settings max_rounds 197
settings your_bot player1
settings opponent_bot player2
setup_map super_regions 1 4 2 5 3 3 4 6 5 3 6 3 7 5 8 5 9 4 10 1 11 4 12 4 13 1 14 5 15 4 16 2
setup_map regions 1 1 2 1 3 1 4 1 5 1 6 1 7 1 8 2 9 2 10 2 11 2 12 2 13 2 14 3 15 3 16 3 17 3 18 3 19 4 20 4 21 4 22 4 23 4 24 4 25 4 26 5 27 5 28 5 29 6 30 6 31 6 32 6 33 7 34 7 35 7 36 7 37 7 38 7 39 8 40 8 41 8 42 8 43 8 44 8 45 8 46 9 47 9 48 9 49 9 50 9 51 10 52 10 53 10 54 11 55 11 56 11 57 11 58 12 59 12 60 12 61 12 62 13 63 13 64 13 65 14 66 14 67 14 68 14 69 14 70 15 71 15 72 15 73 15 74 15 75 15 76 16 77 16 78 16 79 16
setup_map neighbors 1 2 2 5,4,3 3 8,4 4 5,8,6,10,7 5 7 6 8,10 7 10 8 14,9,11,16,10 9 16,11 10 11 11 16,12 12 13,16,48 14 15,17,16 15 21,18,17,16,19 16 17,18 19 21,20 20 23,21,22,24 21 24 22 29,23 23 29,24,33 24 33,34,25 25 34 26 29,27 27 30,29,28 28 31 29 33,30 30 31,36,33,32 31 32,39,40 32 36,40 33 37,34,35,36 34 51,37 35 36,37 36 58,37,38 37 59,38,51 38 58,59 39 40,62 40 62,65,44,41,42 41 42 42 43,61,44,45 43 61,66,77,45,79 44 65,45 45 65,66 46 48,47 47 55,48,49 48 50,49,51 49 50,70,55,56 50 74,73,70 51 59,53,52 52 53 53 59,76 54 56,55 55 56 56 57,70 57 70,71 58 61,60,59 59 77,60,61,76 60 61 61 77 62 65,63,64 63 68,64,65,67 65 67,66 66 67,68,69 67 68 68 69 70 72,73,71 71 72,75 72 75,73 73 74,75 76 77 77 78,79
setup_map wastelands 3 11 22 24 34 48 71 73
settings starting_regions 4 13 17 19 28 29 38 40 47 53 55 59 62 69 72 77
settings starting_pick_amount 7
