settings timebank 10000
settings time_per_move 500
settings max_rounds 117
settings your_bot player1
settings opponent_bot player2
setup_map super_regions 1 4 2 4 3 3 4 3 5 4 6 2 7 4 8 4 9 5 10 2 11 3
setup_map regions 1 1 2 1 3 1 4 1 5 2 6 2 7 2 8 2 9 2 10 3 11 3 12 3 13 3 14 4 15 4 16 4 17 4 18 5 19 5 20 5 21 5 22 6 23 6 24 6 25 7 26 7 27 7 28 7 29 7 30 8 31 8 32 8 33 8 34 9 35 9 36 9 37 9 38 9 39 9 40 9 41 10 42 10 43 10 44 11 45 11 46 11 47 11
setup_map neighbors 1 6,5,7,2,3 2 3 3 10,5,4,11 5 10,9,8,7 6 7 7 22,8 8 12,10,23,22,9,24 9 10 10 12,11 11 14,13,12 12 13 13 16 14 15,16 15 19,25,16,17,26 16 25,27 17 26,19,21 18 19 19 21,20,30 21 32,30,31,26 22 23 23 24 25 26,27 26 33,32,27,28 27 28,29 28 33,29 29 33 30 34,31 31 34,32,36 32 36,33,38 33 38 34 35,36 35 42,37,36,41 36 39,42,40,38 37 41,42 38 39 39 40 40 43,42 41 44,42 42 43,44,47 43 47 44 45,46,47 45 46 46 47
setup_map wastelands 2 13 31 32 40
settings starting_regions 4 8 12 14 20 22 27 30 36 42 44
settings starting_pick_amount 5
