settings timebank 10000
settings time_per_move 500
settings max_rounds 172
settings your_bot player2
settings opponent_bot player1
setup_map super_regions 1 4 2 4 3 5 4 3 5 6 6 4 7 5 8 4 9 2 10 4 11 2 12 3 13 3 14 4 15 2
setup_map regions 1 1 2 1 3 1 4 1 5 1 6 2 7 2 8 2 9 2 10 3 11 3 12 3 13 3 14 3 15 4 16 4 17 4 18 4 19 4 20 5 21 5 22 5 23 5 24 5 25 5 26 6 27 6 28 6 29 6 30 7 31 7 32 7 33 7 34 7 35 7 36 8 37 8 38 8 39 8 40 8 41 9 42 9 43 9 44 9 45 10 46 10 47 10 48 10 49 10 50 11 51 11 52 11 53 11 54 12 55 12 56 12 57 13 58 13 59 13 60 14 61 14 62 14 63 14 64 14 65 14 66 14 67 15 68 15 69 15
setup_map neighbors 1 2,3,6,5,20,7,4 2 3 3 27,41,23,4,5 4 9,27,7 5 20,23 6 7 7 8,9 8 9,15,26 9 26,27,28 10 12,11,16,17 11 16,15 12 13,17,14,18 13 14 14 36,38,18,39,19 15 16,30,26 16 32,17,18,31,30 17 18 18 32,19 19 32,39 20 22,21 21 22,24 22 25,43,24,23,41,51 23 41 24 51,50 25 43,41 26 28,30 27 28,42,41 28 29,42,30 29 30 30 33,31,34 31 32,33 32 33,35 33 34,35 34 60 36 38,37 37 45,38 38 45,39,40 39 46,40,47 40 45,47 41 43,42,44,57 43 57,58,53,51 44 57,55 45 47 46 47,48,49 47 49 48 49 50 52,51 51 52,53 52 53 53 58 54 55,60,56 55 56,67,63,68,57 56 60,62,63 57 58,67 58 59,67 59 67 60 61,62,64 61 64 62 65,69,63,64,68 63 68 64 66,65 65 69,66 67 68 68 69
setup_map wastelands 3 21 26 27 30 60 66
settings starting_regions 2 7 10 18 20 28 31 39 41 46 52 56 58 64 67
settings starting_pick_amount 7
