settings timebank 10000
settings time_per_move 500
settings max_rounds 182
settings your_bot player2
settings opponent_bot player1
setup_map super_regions 1 3 2 2 3 5 4 2 5 4 6 3 7 2 8 2 9 3 10 4 11 3 12 2 13 6 14 3 15 6 16 2 17 5
setup_map regions 1 1 2 1 3 1 4 2 5 2 6 2 7 2 8 3 9 3 10 3 11 3 12 3 13 3 14 4 15 4 16 4 17 4 18 5 19 5 20 5 21 5 22 5 23 5 24 6 25 6 26 6 27 7 28 7 29 7 30 8 31 8 32 8 33 9 34 9 35 9 36 10 37 10 38 10 39 10 40 11 41 11 42 11 43 11 44 11 45 12 46 12 47 12 48 12 49 13 50 13 51 13 52 13 53 13 54 13 55 14 56 14 57 14 58 14 59 14 60 15 61 15 62 15 63 15 64 15 65 15 66 16 67 16 68 16 69 17 70 17 71 17 72 17 73 17
setup_map neighbors 1 3,5,2,4 2 4 3 6,5,28 4 25,5,27,24,7 5 6,7 6 29,27,28,7 7 27 8 9,11 9 10,12,11 10 12,14,13 11 12 12 33,13 13 33,31,17,30,14 14 16,17,15 15 18,20,21,17,16 16 17 17 30,21 18 19,20,22,21 19 22,23,21 20 21 21 23,22,30 24 26,25 25 27,26 26 46,45,36,27 27 36,29 28 29 29 37,36 30 31,40 31 32,33,41 32 41,60,33,35 33 35,34 34 35 35 60 36 45,37 37 45,38,47,48 38 48,39,67,66 39 48,70,67 40 49,41 41 42,43,44,60,53,49,51 42 51,52,53 43 60 44 53,60,62 45 46,47 46 55,56,47 47 48,56 48 69,70,56 49 50,51 50 51 51 52 52 54,53,64 53 62,63,64 55 57,56 56 69,57 57 60,58,61,69 58 72,69,61,71,59 59 72 60 62,61 61 63,62 62 63 63 64 64 65 66 67 67 68,70 68 70 69 71,70 70 71,73 71 72,73
setup_map wastelands 5 16 21 32 34 36 52 57
settings starting_regions 1 4 12 15 22 26 29 31 35 39 40 45 54 58 60 67 72
settings starting_pick_amount 8
