settings timebank 10000
settings time_per_move 500
settings max_rounds 125
settings your_bot player1
settings opponent_bot player2
setup_map super_regions 1 3 2 5 3 2 4 5 5 3 6 3 7 4 8 3 9 3 10 2 11 3
setup_map regions 1 1 2 1 3 1 4 1 5 2 6 2 7 2 8 2 9 2 10 2 11 3 12 3 13 3 14 3 15 3 16 4 17 4 18 4 19 4 20 4 21 4 22 4 23 5 24 5 25 5 26 5 27 6 28 6 29 6 30 7 31 7 32 7 33 7 34 8 35 8 36 8 37 8 38 9 39 9 40 9 41 10 42 10 43 10 44 10 45 11 46 11 47 11 48 11 49 11 50 11
setup_map neighbors 1 2,5,4,3 2 4,9,3,32,30,5,31 3 4,30 5 9,6 6 10,9,8,7 7 8 8 10,23 9 31,10,33 10 23,24,33 11 12,13 12 14,13,15 13 15,28 14 15 15 38,28 16 17,18 17 34,18,36,20 18 29,20,19 19 20 20 21,36,22,46,42,44,48,47 22 46 23 26,24 24 26,33,25 25 33,26 26 35 27 28,29 28 41,38,29 30 32,33 31 33,32 32 33 34 35,36,37 35 37 36 37,46 37 45,46 38 41,39 39 40,41 40 43,41 41 42,43 42 44,43 44 48 45 46 46 49,48,47 47 48 48 49,50
setup_map wastelands 7 21 25 29 38
settings starting_regions 4 10 14 18 23 28 33 34 39 44 49
settings starting_pick_amount 5
