settings timebank 10000
settings time_per_move 500
settings max_rounds 212
settings your_bot player2
settings opponent_bot player1
setup_map super_regions 1 4 2 4 3 3 4 5 5 3 6 4 7 6 8 4 9 5 10 6 11 4 12 6 13 3 14 5 15 4 16 4
setup_map regions 1 1 2 1 3 1 4 1 5 1 6 2 7 2 8 2 9 2 10 2 11 2 12 3 13 3 14 3 15 3 16 3 17 4 18 4 19 4 20 4 21 4 22 5 23 5 24 5 25 6 26 6 27 6 28 6 29 6 30 7 31 7 32 7 33 7 34 7 35 7 36 7 37 8 38 8 39 8 40 8 41 9 42 9 43 9 44 9 45 9 46 10 47 10 48 10 49 10 50 10 51 10 52 11 53 11 54 11 55 11 56 11 57 12 58 12 59 12 60 12 61 12 62 12 63 13 64 13 65 13 66 13 67 13 68 14 69 14 70 14 71 14 72 14 73 14 74 14 75 15 76 15 77 15 78 15 79 15 80 15 81 16 82 16 83 16 84 16 85 16
setup_map neighbors 1 22,2,3,5 2 3 3 4,5,26,25,23,42 5 23,22 6 7,10 7 8,10,11,12,9 8 30,11,9 9 12,31,30 10 11 11 46,30,52,36 12 15,13,31 13 16,14,15 14 16 15 16,32,31 16 32 17 18 18 22,19,20,21 19 20 20 21,57 21 39,58,59,57 22 37,23,24 23 42,41,24,37 24 37 25 27,26 26 28,42,29,47 28 29,42 29 47,44,42 30 36,33,31 31 32,33 32 35,34,33 33 34 37 38,39,41 38 43,40,39,41,60,62 39 60,59 40 43,62 41 42,43 42 44,43 43 45,44 44 45 45 81 46 53,50 47 68,69,49,48 48 50,49 49 50,69 50 53,54,51,69 51 54,55,70,72,69,56 52 63,53 53 63,54 54 63,65,64,56,55 55 56 56 73,65,66,72 57 58,75,61 58 61,59,60 59 60 60 82,62,77,61 61 77,75 62 81,84,85,83,82 63 64 64 65 65 66,67 68 71,69,70 69 70 70 72,71,73,74 72 73 73 74 75 76,77 76 77,78,79 77 82,79,83 78 79,80 79 80,83 81 84 82 83 83 85 84 85
setup_map wastelands 4 6 31 44 47 62 67 74
settings starting_regions 2 9 15 20 23 26 35 38 41 51 56 60 63 69 75 81
settings starting_pick_amount 7
