settings timebank 10000
settings time_per_move 500
settings max_rounds 185
settings your_bot player1
settings opponent_bot player2
setup_map super_regions 1 3 2 3 3 6 4 4 5 2 6 3 7 4 8 4 9 3 10 4 11 5 12 4 13 6 14 4 15 3
setup_map regions 1 1 2 1 3 1 4 1 5 1 6 2 7 2 8 2 9 2 10 2 11 3 12 3 13 3 14 3 15 3 16 3 17 3 18 4 19 4 20 4 21 4 22 4 23 5 24 5 25 5 26 5 27 6 28 6 29 6 30 7 31 7 32 7 33 7 34 7 35 7 36 8 37 8 38 8 39 8 40 8 41 8 42 9 43 9 44 9 45 10 46 10 47 10 48 10 49 11 50 11 51 11 52 11 53 11 54 11 55 12 56 12 57 12 58 12 59 12 60 13 61 13 62 13 63 13 64 13 65 13 66 14 67 14 68 14 69 14 70 14 71 15 72 15 73 15 74 15
setup_map neighbors 1 3,4,2,5,6 2 6 3 7,6,5,8,4 4 10,5,45,8 6 7,9,8 7 8 8 31,10,9 10 49,31,45 11 12,15 12 13,15 13 14,15 14 36,15,16 15 16 16 17,32,36,30 17 32,38,36,39,35,33 18 19 19 23,22,20,21 20 42,22,37 21 23,26,28,22 22 28,43 23 26,24,25 24 25 25 27,26 26 27,28 27 29,28 28 43,29 30 32,31 31 32,34 32 33,34 33 34,35,66 34 51,66 35 39,61 36 37,38 37 42,55,38 38 41,40,39,55 39 60,40,61 40 41,60 41 58,62,60,55 42 56,43,57,44,55 44 57 45 46,49 46 50,48,47,49 47 52 48 50,52 49 50 50 51,52 51 67,52,66 52 54,53,67 53 54 54 69,67 55 58,57,56 56 57 57 59 58 71,62,59 59 72,71 60 61,62 61 62,68,63 62 64,71,63 63 64,65,70 64 71,73 65 70 66 68,67 67 70,68,69 68 70 71 73,72,74 73 74
setup_map wastelands 10 22 45 48 55 67 70
settings starting_regions 2 9 13 19 23 27 31 37 44 46 53 56 61 69 71
settings starting_pick_amount 6
