settings timebank 10000
settings time_per_move 500
settings max_rounds 132
settings your_bot player2
settings opponent_bot player1
setup_map super_regions 1 4 2 1 3 4 4 4 5 4 6 2 7 5 8 1 9 3 10 3 11 4
setup_map regions 1 1 2 1 3 1 4 1 5 1 6 1 7 1 8 2 9 2 10 2 11 2 12 3 13 3 14 3 15 3 16 4 17 4 18 4 19 4 20 4 21 4 22 5 23 5 24 5 25 5 26 6 27 6 28 6 29 6 30 7 31 7 32 7 33 7 34 7 35 8 36 8 37 8 38 9 39 9 40 9 41 9 42 9 43 10 44 10 45 10 46 10 47 10 48 11 49 11 50 11 51 11 52 11 53 11
setup_map neighbors 1 2,3 2 3,8,22,5 3 5,4 4 5 5 6,22,7 6 25,7,22 8 9,10,23,22 9 10 10 23,11 11 23,31 12 13,16 13 16,26,15,27,14,19 14 27 15 26,28,27 16 19,17 17 19,18,26,20 18 20 19 26 20 26,28,30,21 21 30 22 24,23,25 23 24,35 24 25 26 28 27 32,31,28 28 30,29,33,32 29 33,32 30 33,34 31 36,32 32 39,36,40,41,33 33 34,40 35 44,36,38,37 36 38,39 37 38,48,44 38 48,39,49 39 41,40,50,49,42 40 41,42 43 44,45,46 44 46,48,45 45 52,47,46,51,48 48 51,49,52 49 53,50,52 50 53 51 52
setup_map wastelands 2 6 25 26
settings starting_regions 3 10 14 21 23 28 32 37 41 46 50
settings starting_pick_amount 4
