settings timebank 10000
settings time_per_move 500
settings max_rounds 157
settings your_bot player1
settings opponent_bot player2
setup_map super_regions 1 2 2 5 3 3 4 5 5 6 6 5 7 3 8 4 9 2 10 5 11 4 12 4 13 4
setup_map regions 1 1 2 1 3 1 4 1 5 2 6 2 7 2 8 2 9 2 10 3 11 3 12 3 13 3 14 3 15 4 16 4 17 4 18 4 19 4 20 4 21 5 22 5 23 5 24 5 25 5 26 5 27 6 28 6 29 6 30 6 31 6 32 7 33 7 34 7 35 7 36 8 37 8 38 8 39 8 40 8 41 8 42 9 43 9 44 9 45 9 46 10 47 10 48 10 49 10 50 10 51 11 52 11 53 11 54 11 55 12 56 12 57 12 58 12 59 12 60 13 61 13 62 13 63 13
setup_map neighbors 1 2 2 4,3 3 5,7,4 4 6,7,21 5 10,7,13,16,9,8 6 7,22,21 7 8,22 8 9,22 9 32,22,16 10 11,14,13,15 11 12,15 12 15 13 17,14,15,16 14 15 15 17,19 16 17,33,32 17 18,19,33 18 19,20,42,33 20 42 21 22,23,24 22 24,34,32,25 23 24,26,38,36,25,47 24 25 25 34,51,26 26 39,38,51 27 29,46,31,28 28 31,30 29 47,46 30 60,48,61,46,31 31 46 32 33,34 33 35,34 34 51,35,43 35 43,42 36 37,38,57 37 40,38 38 39,40 39 51,40 40 41,51 41 51,53 42 44,43,45 43 52,44,51 44 45,54,52 46 47,48,49,61 47 56,49 48 61 49 61,56,50,58 50 58,61,62 51 52,53 52 53,54 53 54 55 57,58,56 56 58 57 58 58 59 60 61,63,62 61 62 62 63
setup_map wastelands 3 9 19 51 56 62
settings starting_regions 1 8 11 17 26 30 32 37 44 46 53 55 63
settings starting_pick_amount 6
