settings timebank 10000
settings time_per_move 500
settings max_rounds 167
settings your_bot player2
settings opponent_bot player1
setup_map super_regions 1 4 2 4 3 5 4 2 5 5 6 3 7 2 8 1 9 5 10 2 11 3 12 4 13 2 14 1 15 1
setup_map regions 1 1 2 1 3 1 4 1 5 2 6 2 7 2 8 2 9 2 10 2 11 3 12 3 13 3 14 3 15 3 16 3 17 3 18 4 19 4 20 4 21 4 22 4 23 5 24 5 25 5 26 5 27 5 28 5 29 5 30 6 31 6 32 6 33 7 34 7 35 7 36 8 37 8 38 8 39 9 40 9 41 9 42 9 43 9 44 10 45 10 46 10 47 11 48 11 49 11 50 11 51 11 52 11 53 12 54 12 55 12 56 12 57 12 58 13 59 13 60 13 61 13 62 14 63 14 64 14 65 15 66 15 67 15
setup_map neighbors 1 4,3,2,23 2 3 3 7,4,5 4 7,9,25,24,23 5 7,6 6 8,7 7 8,9 8 9 9 10,26,25 10 26,11,36 11 13,15,12 12 18,14,13,20 13 15,16,14 14 20,16 15 37,36,16,38 16 17,37,20 17 37 18 21,19,20 19 21 20 21 21 22 22 54,44 23 24,27 24 25,26,28,27,29 25 26 26 28,29,48,53 27 29 28 29 29 47,48 30 31,35,34,33 31 32,35 32 59,42,35 33 39,34 34 39,35 35 42,39,41 36 38 37 38 39 42,43,40,41,44 42 59,60,58,43 43 58,62 44 55,62,45,46 46 55,62,63,57 47 50,51,52,48 48 49,51,50 49 51 50 51 51 52 53 56 54 55,56 55 56,57 56 65,57,67 57 63,67 58 62,60,59,64,61 59 61,60 61 64 62 64,63 63 64 65 66,67 66 67
setup_map wastelands 18 25 31 48 52 61
settings starting_regions 4 8 13 20 23 30 35 38 41 46 50 53 58 62 65
settings starting_pick_amount 6
