settings timebank 10000
settings time_per_move 500
settings max_rounds 135
settings your_bot player2
settings opponent_bot player1
setup_map super_regions 1 3 2 3 3 1 4 3 5 2 6 5 7 4 8 2 9 6 10 3 11 5
setup_map regions 1 1 2 1 3 1 4 1 5 1 6 2 7 2 8 2 9 2 10 3 11 3 12 3 13 4 14 4 15 4 16 4 17 4 18 5 19 5 20 5 21 5 22 6 23 6 24 6 25 6 26 6 27 7 28 7 29 7 30 7 31 7 32 8 33 8 34 8 35 8 36 9 37 9 38 9 39 9 40 9 41 9 42 9 43 10 44 10 45 10 46 10 47 10 48 11 49 11 50 11 51 11 52 11 53 11 54 11
setup_map neighbors 1 2,6 2 6,8,3 3 5,8,4 4 5,8 5 33,8 6 7,8 7 13,9,32,8,11 8 9,32,34,33 9 32 10 11 11 18,12,19,13 13 20,16,19,15,14,32 14 15,17,32 15 36,17,16,20 16 20 17 32,36 18 21,20,23,19 19 20 20 21 21 24 22 25,26,24,23,27 23 24 24 26 25 29,27,30,26,31 26 30 27 28,29 29 31 30 48,49,31 31 51,49,52,53 32 34,35,33 33 34,35 35 43 36 37,38,43,39 37 39,45,38,41,44,43 39 40,41,42 40 50,42 41 45,42 42 50 43 44 44 46,45 45 46 46 47 48 49,50 49 50,51,53 50 54,53 51 53 52 53 53 54
setup_map wastelands 2 3 4 44
settings starting_regions 5 9 12 16 21 22 27 34 41 46 53
settings starting_pick_amount 4
