settings timebank 10000
settings time_per_move 500
settings max_rounds 202
settings your_bot player2
settings opponent_bot player1
setup_map super_regions 1 3 2 5 3 6 4 1 5 2 6 5 7 4 8 3 9 3 10 3 11 1 12 5 13 2 14 4 15 2 16 2 17 3 18 2
setup_map regions 1 1 2 1 3 1 4 2 5 2 6 2 7 2 8 2 9 2 10 3 11 3 12 3 13 3 14 3 15 3 16 3 17 4 18 4 19 4 20 5 21 5 22 5 23 5 24 6 25 6 26 6 27 6 28 6 29 6 30 6 31 7 32 7 33 7 34 7 35 7 36 7 37 8 38 8 39 8 40 9 41 9 42 9 43 9 44 10 45 10 46 10 47 10 48 10 49 11 50 11 51 11 52 12 53 12 54 12 55 12 56 12 57 12 58 12 59 13 60 13 61 13 62 14 63 14 64 14 65 14 66 14 67 15 68 15 69 15 70 15 71 16 72 16 73 16 74 16 75 17 76 17 77 17 78 17 79 18 80 18 81 18
setup_map neighbors 1 2,3 2 31,3,32 3 33,31 4 7,5,6,14 5 6,10 6 10,14,15 7 14,8,9,49 8 49,31,34 9 14,49,54,52,51 10 11,15 11 12,15,19,16 12 19,13,40,17,16,41,42,53 13 41,17,18,59,21,23 14 52,15,16 15 16 16 53,52 17 18,19 18 20,21 20 24,25,21,37 21 22,23 22 23 23 59,38,60 24 25 25 28,26,29,37 26 28,27,30 27 30 28 44,29,30 29 44,37 30 63,64,44 31 33,35,32,34,49 32 34 33 36,35,67 35 67,49 36 67,75 37 44,39,38 38 39,45,60 39 44,45,46 40 41 41 43,53,59,71,42 42 53 43 72,73,58,53,56,71 44 62,63,46 45 47,61,48,46 46 62,48 47 48 48 65,62 49 51,50,67 50 67,68,51 51 54 52 53,55,54 53 56,55,57 54 57,55 55 57 56 57,58 57 58 59 60,71 60 61,71,79 61 80,79 62 65,64,63 63 64 64 65,66 65 66 67 68,69,75 68 69,70 69 70,76,75 70 76 71 79,73,72 72 73 73 74,79 74 80,79 75 76 76 77 77 78 79 80 80 81
setup_map wastelands 1 7 12 41 52 53 56 59 75
settings starting_regions 2 8 14 19 22 28 34 38 42 45 50 58 61 62 68 73 76 79
settings starting_pick_amount 7
