settings timebank 10000
settings time_per_move 500
settings max_rounds 155
settings your_bot player1
settings opponent_bot player2
setup_map super_regions 1 1 2 2 3 6 4 3 5 3 6 5 7 5 8 1 9 6 10 3 11 3 12 1 13 2
setup_map regions 1 1 2 1 3 1 4 1 5 2 6 2 7 2 8 2 9 3 10 3 11 3 12 3 13 3 14 3 15 3 16 4 17 4 18 4 19 4 20 4 21 5 22 5 23 5 24 5 25 5 26 5 27 6 28 6 29 6 30 6 31 6 32 7 33 7 34 7 35 7 36 7 37 7 38 8 39 8 40 8 41 9 42 9 43 9 44 9 45 9 46 9 47 9 48 10 49 10 50 10 51 10 52 10 53 11 54 11 55 11 56 11 57 12 58 12 59 12 60 13 61 13 62 13
setup_map neighbors 1 2,16,4 2 17,3,16 4 16,18 5 7,11,6,8 6 9,11 7 8 8 13,27,11 9 12,10,15,14,13,11 11 13 12 13,14 13 28,14,33,32 14 15,32 15 32 16 18,21,17,22 18 20,19,21,24 19 20 20 24 21 24,22,23 22 23 23 25,24,29,38 24 25 25 26 27 33,30,31,36,28 29 30 30 41,31,53,38 31 48,49,36,53 32 35,34,33 33 34,36 34 35,36 35 58,37,36 36 49 38 41,40 39 40 40 43,41 41 53,43,42 42 53,44,43,55,46,47 43 47,45,44 44 47 46 55,60,47 48 49,55,56,53,54 49 57,50,56 50 51,59,58,60,56,61,57 51 61,52,59 53 54,55 54 55 55 56,60 56 60 57 58 58 59 60 61,62 61 62
setup_map wastelands 4 10 18 21 42 55
settings starting_regions 2 5 12 20 26 28 36 39 41 52 56 59 62
settings starting_pick_amount 6
