settings timebank 10000
settings time_per_move 500
settings max_rounds 155
settings your_bot player2
settings opponent_bot player1
setup_map super_regions 1 2 2 2 3 4 4 2 5 6 6 4 7 4 8 1 9 4 10 5 11 5 12 4 13 1
setup_map regions 1 1 2 1 3 1 4 1 5 1 6 2 7 2 8 2 9 2 10 3 11 3 12 3 13 3 14 3 15 3 16 4 17 4 18 4 19 5 20 5 21 5 22 5 23 5 24 5 25 6 26 6 27 6 28 6 29 6 30 7 31 7 32 7 33 7 34 7 35 7 36 7 37 8 38 8 39 8 40 9 41 9 42 9 43 9 44 10 45 10 46 10 47 10 48 10 49 11 50 11 51 11 52 11 53 11 54 11 55 11 56 12 57 12 58 12 59 12 60 13 61 13 62 13
setup_map neighbors 1 2,3 2 10,5,6,4,3 3 12,4 4 5,12 5 12,10,11 6 7,9,11,10 7 8,9 9 11,13 10 11 11 12,14,13 12 14,37 13 14 14 15,38,37 15 38,27,26 16 17 17 22,18,20,21 18 21 19 20 20 40,44,41,22 21 22,23,24,45,47 22 44,45 23 51,24,47,49 24 47 25 28,26 26 28,27 27 38,39,29,28 28 49,50,29 29 50,52 30 32,31 31 33,56,32 32 33,34 33 36,58,35,60,34,56 34 60,35 35 60 36 60,58,61 37 38 38 39 40 41,42,44 41 42 42 57,44,43,46 43 57,46 44 46,45 45 46,48,47 46 48 47 51,48 49 50,51 50 52,51,53 51 54,53 52 55,53 53 55,54 56 58,59,57 57 59 58 62,59,61 59 62 60 61 61 62
setup_map wastelands 10 14 18 34 45 48
settings starting_regions 1 7 11 17 21 27 32 39 42 44 54 58 62
settings starting_pick_amount 6
