settings timebank 10000
settings time_per_move 500
settings max_rounds 145
settings your_bot player1
settings opponent_bot player2
setup_map super_regions 1 6 2 5 3 5 4 5 5 4 6 4 7 6 8 2 9 4 10 5
setup_map regions 1 1 2 1 3 1 4 1 5 1 6 1 7 1 8 2 9 2 10 2 11 2 12 2 13 2 14 3 15 3 16 3 17 3 18 3 19 4 20 4 21 4 22 4 23 4 24 4 25 5 26 5 27 5 28 5 29 5 30 5 31 6 32 6 33 6 34 6 35 6 36 7 37 7 38 7 39 7 40 7 41 7 42 7 43 8 44 8 45 8 46 8 47 9 48 9 49 9 50 9 51 9 52 9 53 10 54 10 55 10 56 10 57 10 58 10
setup_map neighbors 1 10,8,2 2 4,3 3 5,4,7 4 10,6 6 10,36,11 8 9,14,10 9 11,10,14 10 11 11 12,18,13,36,14 12 28,18 13 36 14 15,18 15 16,25,18 16 17,25 17 26,25,31 18 25,27,28 19 20 20 21,32,31 21 22,33,32 22 23,33 23 24,33 24 33 25 27,26,29 26 29 27 28,29 28 29,43,30,44 29 30,32 30 44,46 31 32 32 33,34 33 34,35 34 35 36 43,37 37 39,38,40,43 38 40,43 39 42,41,40 40 41,47,45,43 41 47 43 44,45,46 44 46 45 47,46 46 47,48 47 49,50,48,51 48 55,51,53 49 51,50 50 51 51 55,52 52 55 53 55,56,54 54 58,56 55 56,57 56 58,57
setup_map wastelands 12 19 21 45 54
settings starting_regions 7 11 17 22 29 32 38 46 51 58
settings starting_pick_amount 5
