settings timebank 10000
settings time_per_move 500
settings max_rounds 125
settings your_bot player2
settings opponent_bot player1
setup_map super_regions 1 3 2 2 3 3 4 6 5 3 6 4 7 5 8 2 9 3 10 4
setup_map regions 1 1 2 1 3 1 4 1 5 1 6 1 7 2 8 2 9 2 10 2 11 2 12 3 13 3 14 3 15 3 16 3 17 4 18 4 19 4 20 4 21 4 22 4 23 4 24 5 25 5 26 5 27 6 28 6 29 6 30 6 31 6 32 7 33 7 34 7 35 7 36 7 37 7 38 8 39 8 40 8 41 8 42 9 43 9 44 9 45 9 46 10 47 10 48 10 49 10 50 10
setup_map neighbors 1 3,5 2 3 3 6,18,5,8 4 13,5,17 5 17,6 6 18,17 7 9,8 8 11,9,18,10 10 11,19,18 11 19 12 13,14 13 15,24,14,17 14 24 15 17,20,16,25,24 16 38,25,20,23 17 20,18 18 19,21,20 19 21,22 20 21,23 21 29,27,22,23 22 29,32,33 23 39,38,28,27 24 26,40,25 25 38,26 26 38 27 29,28 28 46,39,47,30,31,29,41 29 32,30,31 30 31 31 32,35,47 32 34,33,35 34 35 35 49,36,37,47 37 49 38 41,40,39 39 41 40 42,41,43 41 43,46 42 43,44 43 44,45,46 44 45 45 50,46 46 47,50,48 47 49,48 48 49,50
setup_map wastelands 1 2 37 42 49
settings starting_regions 5 9 14 22 26 29 32 40 44 50
settings starting_pick_amount 5
