settings timebank 10000
settings time_per_move 500
settings max_rounds 122
settings your_bot player1
settings opponent_bot player2
setup_map super_regions 1 5 2 5 3 6 4 2 5 1 6 3 7 3 8 4 9 2 10 3 11 2
setup_map regions 1 1 2 1 3 1 4 1 5 1 6 1 7 1 8 2 9 2 10 2 11 2 12 2 13 2 14 3 15 3 16 3 17 3 18 3 19 3 20 4 21 4 22 4 23 4 24 5 25 5 26 5 27 6 28 6 29 6 30 7 31 7 32 7 33 7 34 7 35 8 36 8 37 8 38 8 39 8 40 9 41 9 42 9 43 9 44 10 45 10 46 10 47 11 48 11 49 11
setup_map neighbors 1 3,2 2 4,8,5,3 3 4,6,7 4 5,6 5 27,11,8,6,12,28 6 27,29,7,28 7 29 8 9,11 9 14,13,12,11,10 10 14 11 12 12 14,13,28 13 14 14 15,16,17 15 16 16 20,17,18,21 17 18,23,19,21 18 21 20 24,21 21 22,24,23 22 23 24 25 25 26 27 28 28 35,30,29 29 35,40 30 31,35,33,36,32 31 33,38,35 32 48,34,33 33 34,47,38 34 47,48 35 38,37,40,41,36 37 38 38 41,45,44,46,39,47 39 47 40 42,41,43 41 44,43 42 43 43 45,44 44 45 45 46,47 46 47 47 48 48 49
setup_map wastelands 5 7 36 41 43
settings starting_regions 1 10 19 22 25 29 32 37 40 45 48
settings starting_pick_amount 5
