settings timebank 10000
settings time_per_move 500
settings max_rounds 140
settings your_bot player2
settings opponent_bot player1
setup_map super_regions 1 5 2 3 3 5 4 2 5 2 6 4 7 3 8 4 9 4 10 4 11 2
setup_map regions 1 1 2 1 3 1 4 1 5 1 6 1 7 1 8 2 9 2 10 2 11 3 12 3 13 3 14 3 15 3 16 3 17 3 18 4 19 4 20 4 21 4 22 4 23 5 24 5 25 5 26 6 27 6 28 6 29 6 30 6 31 6 32 7 33 7 34 7 35 7 36 7 37 8 38 8 39 8 40 8 41 8 42 8 43 9 44 9 45 9 46 9 47 10 48 10 49 10 50 10 51 10 52 10 53 11 54 11 55 11 56 11
setup_map neighbors 1 13,11,4,2,3 2 4 3 11 4 5,13,6 5 16,6,7,13 6 7,17 7 16,17 8 9,10 9 10,24,23 10 25,24 11 13,14,12,15 12 25 13 16,14 14 16,15,48 16 17 18 20,21 19 21,37 20 32,21 21 32,22,37 22 37,32 23 24,26,27,28 24 25,27,47 25 48,47 26 28 27 30,28,47 28 30,53,29 29 53,55,46,45 30 47,54,53,50,52,31 31 52 32 33,34,37,35 33 34,39,36 34 39,36,38,35,37 35 37 36 39 37 44,38,43,46,40 38 39,40 39 41,42,40 40 46,41 41 42 43 45,44,46 44 46 45 46 46 55 47 49,50,48,52 48 49 49 52,51 50 52 53 54,56,55 54 56
setup_map wastelands 9 14 26 46 56
settings starting_regions 2 10 15 18 23 28 34 42 43 48 53
settings starting_pick_amount 4
