settings timebank 10000
settings time_per_move 500
settings max_rounds 142
settings your_bot player2
settings opponent_bot player1
setup_map super_regions 1 2 2 4 3 1 4 5 5 4 6 3 7 4 8 3 9 4 10 4 11 4 12 5
setup_map regions 1 1 2 1 3 1 4 1 5 2 6 2 7 2 8 2 9 3 10 3 11 3 12 4 13 4 14 4 15 4 16 4 17 4 18 5 19 5 20 5 21 5 22 5 23 5 24 6 25 6 26 6 27 6 28 7 29 7 30 7 31 7 32 7 33 7 34 8 35 8 36 8 37 8 38 8 39 9 40 9 41 9 42 9 43 10 44 10 45 10 46 10 47 11 48 11 49 11 50 11 51 11 52 12 53 12 54 12 55 12 56 12 57 12
setup_map neighbors 1 3,2,4,5 2 18,20,3,4,5 3 4,20,22,50 5 18,7,6 6 8,7,9 7 8,19,18,21 8 9,11,28,19 9 11,10,12 10 12 11 12,15,34,35 12 13,15 13 14,16,15 14 17,16 15 16,34,17,36 16 17 17 36 18 21,20 19 28,21,20 20 21,29,22,23,28 22 23,50 23 29,31 24 25 25 48,47,27,43 26 27 27 43 28 35,29,30,39,40 29 30,31,40,32 31 32,33 32 40,54,56,33 34 41,39,36,37,35,53 35 39 36 37 37 38,53 38 55,53 39 41,40 40 41,42,54 41 42,52,53 42 52,54 43 49,47,44,51 44 45,51,46 45 46 47 48,49 48 49,50 49 50,51 50 51 52 54,53 53 55,54 54 56,55 55 57,56
setup_map wastelands 2 13 18 29 40 49
settings starting_regions 3 7 11 14 22 27 31 38 39 45 50 56
settings starting_pick_amount 6
