settings timebank 10000
settings time_per_move 500
settings max_rounds 155
settings your_bot player2
settings opponent_bot player1
setup_map super_regions 1 5 2 4 3 3 4 5 5 1 6 3 7 1 8 2 9 5 10 4 11 6 12 6 13 3 14 3
setup_map regions 1 1 2 1 3 1 4 1 5 1 6 2 7 2 8 2 9 2 10 2 11 3 12 3 13 3 14 4 15 4 16 4 17 4 18 4 19 5 20 5 21 5 22 6 23 6 24 6 25 7 26 7 27 7 28 8 29 8 30 8 31 9 32 9 33 9 34 9 35 9 36 9 37 10 38 10 39 10 40 10 41 11 42 11 43 11 44 11 45 11 46 11 47 11 48 12 49 12 50 12 51 12 52 12 53 12 54 13 55 13 56 13 57 13 58 13 59 14 60 14 61 14 62 14
setup_map neighbors 1 7,3,2,6 2 6 3 4,7 4 5,30,10,7 5 49,44,30 6 11,8,7,9 7 9,10,8,48 8 9 9 31,11,48 10 49,48,50 11 13,12,31 12 13 13 23,31 14 22,26,15,27 15 27,17,16 16 19,17 17 19,27,21,18 18 27,21 19 20,21 22 25,24,26,39,38 23 31,24 24 37,31,38 25 26,40,39,27 26 27 28 29 29 30,41 30 44,45,43,41 31 37,32,48 32 33,34,37,48 33 34,37 34 35,39,37,40,36 35 40 37 38,39 38 39 39 40 41 42,43,46 43 46,45 44 51,54,45,46,59 45 46 46 59,47 47 59,61 48 53,50 49 52,50,51 50 52,53 51 52,54 52 55 54 59,55,56,60,62 55 57,56 56 57,58,62 58 62 59 60,62,61 60 62 61 62
setup_map wastelands 6 23 35 41 48 51 53
settings starting_regions 5 7 13 14 21 24 27 30 32 38 45 50 54 61
settings starting_pick_amount 7
