settings timebank 10000
settings time_per_move 500
settings max_rounds 172
settings your_bot player2
settings opponent_bot player1
setup_map super_regions 1 4 2 4 3 6 4 5 5 2 6 5 7 7 8 3 9 2 10 4 11 3 12 3 13 3
setup_map regions 1 1 2 1 3 1 4 1 5 1 6 1 7 1 8 2 9 2 10 2 11 2 12 2 13 2 14 3 15 3 16 3 17 3 18 3 19 3 20 3 21 4 22 4 23 4 24 4 25 4 26 5 27 5 28 5 29 5 30 6 31 6 32 6 33 6 34 6 35 6 36 6 37 7 38 7 39 7 40 7 41 7 42 7 43 7 44 8 45 8 46 8 47 8 48 8 49 9 50 9 51 9 52 9 53 10 54 10 55 10 56 10 57 10 58 10 59 11 60 11 61 11 62 12 63 12 64 12 65 13 66 13 67 13 68 13 69 13
setup_map neighbors 1 4,2,5 2 5,3 3 8,9,5,7 4 6,5,26,27 5 7,26 7 26,28,27,10,9 8 9,11 9 10,11 10 12,11,28,13 12 28,48,13,53 13 53 14 17,15 15 22,16,19,17,21 16 21 17 18,19 18 19,20 19 22,20,25 20 33,25,32 21 23,22 22 25,23 23 24,30,31,25 24 25,31,32 25 32 26 27 27 29,44,28 28 29,48,47 29 47,44 30 31 31 32,35,36 32 34,36,33 33 34 34 36 35 40,42,36 36 65,42 37 38,40 38 49,50,39,41,40 39 44 40 41,43,42 41 51,43,50 42 43,66,65 43 51,67,66 44 47,46,45 45 46,49 46 60,47,48,59 47 48 48 59,54,53 49 50,62,52 50 51,52 51 52,67 52 62,63,67 53 54,56 54 59,55,56,57 55 61,59,57,58 56 57 57 58 58 61 59 61,60 60 61 62 63 63 64,67 64 68,67 65 66,68,69 66 67,68 67 68 68 69
setup_map wastelands 22 24 30 42 53 62
settings starting_regions 6 13 16 21 27 36 39 45 50 54 59 64 69
settings starting_pick_amount 6
