settings timebank 10000
settings time_per_move 500
settings max_rounds 137
settings your_bot player2
settings opponent_bot player1
setup_map super_regions 1 3 2 2 3 2 4 1 5 4 6 5 7 5 8 3 9 1 10 2 11 2 12 2 13 3
setup_map regions 1 1 2 1 3 1 4 1 5 2 6 2 7 2 8 2 9 3 10 3 11 3 12 3 13 4 14 4 15 4 16 5 17 5 18 5 19 5 20 5 21 6 22 6 23 6 24 6 25 6 26 6 27 6 28 7 29 7 30 7 31 7 32 7 33 7 34 7 35 8 36 8 37 8 38 8 39 9 40 9 41 9 42 10 43 10 44 10 45 11 46 11 47 11 48 12 49 12 50 12 51 12 52 12 53 13 54 13 55 13
setup_map neighbors 1 2,9,13 2 13,3,4,14,5,8 3 8,4,5,6,7 4 8 5 6 6 7 7 8 8 15,14 9 12,13,11,10 10 11 11 12 12 13,14,16 13 14 14 15,17,16 15 18,17 16 17,19,29 17 18,35,19,20 18 20 19 45,29,35 20 42,36,35 21 22 22 25,23,48,49 23 25,24 24 43,42,25,26 25 49,27,26 26 43,27 27 49 28 30,29 29 46,30,47,32,45 30 31,39,32 31 32,39,53,33,55 32 47,33,34 33 34,47,55,54 35 45,36,37 36 44,38,42,37 37 38,45 38 44 39 40,53,41 41 53,54 42 43,44 43 44 45 46,47 46 47 48 51,50,49 49 50,52 50 52,51 51 52 53 54,55 54 55
setup_map wastelands 1 9 12 13 21 52
settings starting_regions 2 6 10 14 19 23 34 36 40 42 47 50 55
settings starting_pick_amount 5
