settings timebank 10000
settings time_per_move 500
settings max_rounds 192
settings your_bot player2
settings opponent_bot player1
setup_map super_regions 1 5 2 4 3 5 4 3 5 4 6 3 7 5 8 5 9 3 10 3 11 1 12 3 13 2 14 2 15 3 16 2 17 5
setup_map regions 1 1 2 1 3 1 4 1 5 1 6 1 7 2 8 2 9 2 10 2 11 3 12 3 13 3 14 3 15 3 16 4 17 4 18 4 19 4 20 4 21 5 22 5 23 5 24 5 25 6 26 6 27 6 28 6 29 6 30 7 31 7 32 7 33 7 34 7 35 7 36 7 37 8 38 8 39 8 40 8 41 8 42 9 43 9 44 9 45 9 46 10 47 10 48 10 49 11 50 11 51 11 52 12 53 12 54 12 55 13 56 13 57 13 58 13 59 14 60 14 61 14 62 14 63 15 64 15 65 15 66 15 67 15 68 16 69 16 70 16 71 16 72 17 73 17 74 17 75 17 76 17 77 17
setup_map neighbors 1 7,9,2 2 4,6,9,3,5 3 9,10,4 4 44,10,42,6 5 6 7 9,8 8 10,9 9 10 11 25,12,16 12 13,25,15,26 13 46,14,15,27,48 14 46 15 26,27 16 25,18,19,26 17 18 18 34,20,19,32 19 27,26,29,20,35 20 34,35 21 23,22,37 22 37,39,38 23 37,24,40,39 24 40 25 26 26 27 27 28,48,29,68 28 68 29 35,68,69 30 33,31 31 34,32,33 32 34 33 38,36,34,55,49 34 36,35 35 36,56,69,55 36 55 37 39 38 49,39 39 49,40,59 40 59,41 41 59 42 43,44 43 64,63,52,53,44,47 44 45,63 45 65,66,63 46 48,47 47 52 49 59,50,55,57 50 59,51,57 51 59,60 52 53 53 75,74,72,54,64 55 56,57,58 56 58,69,71 57 58 59 60,61 60 62,61 61 62 63 64,65 64 65,67,72 65 66,73,72,67 67 72 68 69,71 69 71 70 71 72 74,73 73 76,74 74 75,76,77 76 77
setup_map wastelands 1 4 9 27 30 32 65 69
settings starting_regions 2 10 12 16 22 26 31 41 44 47 50 52 58 61 67 70 72
settings starting_pick_amount 7
