settings timebank 10000
settings time_per_move 500
settings max_rounds 140
settings your_bot player1
settings opponent_bot player2
setup_map super_regions 1 3 2 6 3 4 4 5 5 5 6 5 7 4 8 5 9 4 10 1
setup_map regions 1 1 2 1 3 1 4 1 5 1 6 2 7 2 8 2 9 2 10 2 11 2 12 2 13 3 14 3 15 3 16 3 17 4 18 4 19 4 20 4 21 4 22 4 23 4 24 5 25 5 26 5 27 5 28 5 29 5 30 5 31 6 32 6 33 6 34 6 35 6 36 7 37 7 38 7 39 7 40 7 41 7 42 8 43 8 44 8 45 8 46 8 47 9 48 9 49 9 50 9 51 9 52 9 53 9 54 10 55 10 56 10
setup_map neighbors 1 5,7,2 2 5,6,3,9,7 3 4,6 4 8,6,24 5 7 6 8,9 7 9,10,11 8 9,24 9 10,12 10 11 11 12 13 14,15 14 17,15 15 17,16 16 17,33,32,31 17 20,18,33 18 19,20,23,21 19 22,21 20 33,23 21 22,23,37 23 33,37 24 25,26,28,27 25 26 26 31,28,42,27,30 27 29,28,30 29 30,54 30 42,45,54 31 34,32 32 33,35,34 33 36,37,35 34 35 35 38,43,36 36 38,37 37 47,40,39,38 38 39 39 48,41,40,52 40 48,47,49 42 43,44,45 43 44,46 44 46,45,56,54 45 54 47 50,51,49 48 51,52,49 49 51 50 51 51 53 54 56,55
setup_map wastelands 10 14 27 35 42
settings starting_regions 2 11 15 18 29 31 40 46 47 56
settings starting_pick_amount 5
