settings timebank 10000
settings time_per_move 500
settings max_rounds 125
settings your_bot player1
settings opponent_bot player2
setup_map super_regions 1 5 2 3 3 2 4 6 5 2 6 4 7 4 8 4 9 3 10 5
setup_map regions 1 1 2 1 3 1 4 1 5 1 6 1 7 2 8 2 9 2 10 2 11 3 12 3 13 3 14 3 15 4 16 4 17 4 18 4 19 4 20 4 21 4 22 5 23 5 24 5 25 6 26 6 27 6 28 6 29 6 30 7 31 7 32 7 33 7 34 7 35 7 36 8 37 8 38 8 39 8 40 9 41 9 42 9 43 9 44 10 45 10 46 10 47 10 48 10 49 10 50 10
setup_map neighbors 1 2,5,4,3 2 3 3 4,7 4 7,5,8 5 8,11,6 7 9,8 8 11,10,22,9 9 10,31,23,22 10 22 11 12,22,13 12 13 13 14,22,24 15 25,17,18,26 16 17,20 17 19,21,18,27,26,20,38 18 26 19 26,27 20 38,37 21 38,27 22 24,23 23 35,34,24,31 25 26 26 27,29 27 28,38,29 28 38 30 33,34 31 34 32 33 33 45,40,34 34 35,44,45 36 41,37 37 39,41,38,43 38 39 40 45,42,41 41 42,43 42 45,48,43 43 48 44 45,46,47,49 45 48,47 46 49,50 47 49,48 49 50
setup_map wastelands 4 8 12 14 28
settings starting_regions 6 9 13 17 24 27 32 38 40 50
settings starting_pick_amount 4
