settings timebank 10000
settings time_per_move 500
settings max_rounds 142
settings your_bot player2
settings opponent_bot player1
setup_map super_regions 1 4 2 5 3 2 4 1 5 4 6 2 7 2 8 6 9 2 10 1 11 4 12 3 13 3
setup_map regions 1 1 2 1 3 1 4 1 5 2 6 2 7 2 8 2 9 2 10 2 11 3 12 3 13 3 14 3 15 4 16 4 17 4 18 5 19 5 20 5 21 5 22 5 23 5 24 6 25 6 26 6 27 7 28 7 29 7 30 7 31 7 32 8 33 8 34 8 35 8 36 8 37 8 38 9 39 9 40 9 41 9 42 10 43 10 44 10 45 11 46 11 47 11 48 11 49 11 50 12 51 12 52 12 53 12 54 12 55 13 56 13 57 13
setup_map neighbors 1 11,5,2,13,6,8 2 8,4,3,13 3 4,20,14,13 4 29,20,27,8,9 5 6 6 8,7 7 9,8,10 8 9 9 27,10 11 12,13 12 18,14,13 13 14 14 18,19,20 15 17,16 16 35,34 17 36,35 18 36,19 19 21,23,36,20,47 20 21,29,23,22 21 23 22 29,30,48 23 48,47 24 25,42,26 25 39,26 26 50,51,42,39 27 29,28,30 28 30,42 29 30 30 31,43 32 33 33 55,35,37,34 34 35 35 37,36,45 36 45,47,46 37 45,57,55 38 40,39 39 50,40,41 40 41 41 54,50 42 43,52,44,51 43 44 44 52,53 45 46,57,49,47 46 47 47 48,49 48 49 50 54,51,52 51 52 52 53,54 53 54 55 56,57 56 57
setup_map wastelands 2 18 26 29 37 54
settings starting_regions 1 7 11 15 19 25 27 33 39 42 48 52 55
settings starting_pick_amount 6
