settings timebank 10000
settings time_per_move 500
settings max_rounds 142
settings your_bot player1
settings opponent_bot player2
setup_map super_regions 1 4 2 3 3 4 4 5 5 2 6 5 7 3 8 3 9 4 10 3 11 3 12 3 13 4
setup_map regions 1 1 2 1 3 1 4 1 5 2 6 2 7 2 8 2 9 2 10 3 11 3 12 3 13 3 14 3 15 4 16 4 17 4 18 4 19 4 20 5 21 5 22 5 23 5 24 6 25 6 26 6 27 6 28 6 29 6 30 7 31 7 32 7 33 7 34 7 35 8 36 8 37 8 38 8 39 9 40 9 41 9 42 9 43 9 44 10 45 10 46 10 47 11 48 11 49 11 50 12 51 12 52 12 53 12 54 13 55 13 56 13 57 13
setup_map neighbors 1 3,2,4 2 6,3,7,5 3 12,4,6 5 7,11,8 6 10,12,7 7 10,11 8 11,9 9 11,17 10 13,12,11 11 13,14,17 12 13,20 13 35 14 17 15 16,18 16 24,19,18,17 17 24 18 19,40,45 19 39,24,40 20 35,21,22 21 36,22,35,23 22 23 23 50,53,52,36 24 27,26,39,25 25 26,38 26 28,29,27 27 39,28,41 28 41,43 30 44,31,32 31 32 32 47,34,33,44 33 34 34 49,56,48,55,47 35 37,38,36 36 37,50,51 37 38,51 39 42,41,40 40 45 41 43,42 44 45,46,47 46 54,47,55 47 49,48,55 48 49 49 55 50 51,52 51 52 52 53 54 57,55 55 57,56
setup_map wastelands 2 23 37 40 48 56
settings starting_regions 3 7 13 16 20 27 34 38 43 45 49 50 55
settings starting_pick_amount 4
