settings timebank 10000
settings time_per_move 500
settings max_rounds 115
settings your_bot player1
settings opponent_bot player2
setup_map super_regions 1 4 2 5 3 2 4 4 5 2 6 4 7 4 8 5 9 3
setup_map regions 1 1 2 1 3 1 4 1 5 1 6 2 7 2 8 2 9 2 10 2 11 2 12 3 13 3 14 3 15 3 16 4 17 4 18 4 19 4 20 5 21 5 22 5 23 6 24 6 25 6 26 6 27 6 28 6 29 7 30 7 31 7 32 7 33 7 34 7 35 8 36 8 37 8 38 8 39 8 40 8 41 9 42 9 43 9 44 9 45 9 46 9
setup_map neighbors 1 2,29,4,30 2 3,4 3 4 4 5,30 5 7 6 13,7,14,15,12 7 13,8,10 8 13,10,9,11 9 19,15,13 12 15,16,18 13 14,15 14 15 15 18,19 16 18,20,17 17 20,21,18,22 18 19,22 19 35,41,22 20 21 21 24,28,22,23,35 22 35 23 24 24 28,26,25,36,35 25 26 26 27,36 28 35 29 31,30 30 32,31 31 32 32 33,34 35 36,45,42,37,40,41,39 36 37 37 39,40,38 39 40,44,45 41 42,46,43 42 46,44,45 43 46 44 46,45
setup_map wastelands 2 31 32 45
settings starting_regions 1 8 15 19 21 28 34 39 42
settings starting_pick_amount 4
