settings timebank 10000
settings time_per_move 500
settings max_rounds 167
settings your_bot player1
settings opponent_bot player2
setup_map super_regions 1 5 2 1 3 2 4 2 5 3 6 5 7 4 8 5 9 5 10 5 11 4 12 4 13 6 14 1
setup_map regions 1 1 2 1 3 1 4 1 5 1 6 2 7 2 8 2 9 3 10 3 11 3 12 3 13 4 14 4 15 4 16 5 17 5 18 5 19 6 20 6 21 6 22 6 23 6 24 6 25 6 26 7 27 7 28 7 29 7 30 8 31 8 32 8 33 8 34 8 35 8 36 9 37 9 38 9 39 9 40 9 41 10 42 10 43 10 44 10 45 10 46 10 47 10 48 11 49 11 50 11 51 11 52 11 53 11 54 12 55 12 56 12 57 12 58 13 59 13 60 13 61 13 62 13 63 13 64 13 65 14 66 14 67 14
setup_map neighbors 1 2,4,13,5 2 3,4 3 6,4,14,11,9 4 14,13 5 13 6 7,9 7 8,9 8 9 9 12,10,11 10 12 11 12,14,15,21 13 15,14 14 15 15 20,21 16 30,17,31,18 17 18 18 30,54,55 19 26,20,24,27,28,25 20 21,22,23,24 22 58,23,39,36,59 23 59,25,65,24 24 25 25 65,28,66 26 27,41 27 29,41,28 28 29,66,44 29 42,44,41 30 31,54 31 48,32,34,33,54 32 33,54 33 34,56,35,57,54 34 50,35,48 35 52,57,50 36 38,39 37 38,49 38 39,40,49 39 60,40,58 40 49,60,53 41 42 42 45,44 43 67,61,66,65,47,44 44 46,45,66,47 45 46 48 50 49 51,50,53 50 51,52 51 52,53 53 62,60 54 56,55 55 57,56 56 57 58 59,60,64,63,61 59 65,61 60 62,63 61 64,67,65 62 63 63 64 65 66,67
setup_map wastelands 9 15 16 26 38 53 57
settings starting_regions 1 7 10 13 18 25 27 31 37 46 52 54 62 66
settings starting_pick_amount 6
