settings timebank 10000
settings time_per_move 500
settings max_rounds 192
settings your_bot player2
settings opponent_bot player1
setup_map super_regions 1 3 2 5 3 3 4 4 5 1 6 5 7 2 8 5 9 4 10 3 11 5 12 3 13 3 14 3 15 1 16 1 17 1 18 3 19 2 20 1
setup_map regions 1 1 2 1 3 1 4 2 5 2 6 2 7 2 8 2 9 2 10 3 11 3 12 3 13 3 14 4 15 4 16 4 17 4 18 5 19 5 20 6 21 6 22 6 23 6 24 6 25 7 26 7 27 7 28 8 29 8 30 8 31 8 32 8 33 8 34 8 35 9 36 9 37 9 38 9 39 10 40 10 41 10 42 10 43 11 44 11 45 11 46 11 47 11 48 11 49 11 50 12 51 12 52 12 53 12 54 13 55 13 56 13 57 13 58 14 59 14 60 14 61 15 62 15 63 16 64 16 65 17 66 17 67 17 68 18 69 18 70 18 71 18 72 19 73 19 74 19 75 19 76 20 77 20
setup_map neighbors 1 2 2 3,5,20 3 35,36,20 4 5 5 7,21,6,20 6 7 7 25,21,8,9 8 10,9 9 25,11,26,10 10 15,11,14 11 16,15,13,26 12 27,25,13,26,54 13 26,39,16,40,54 14 15 15 16,17,18,19,28,29 16 17,31,39 17 29,31 18 19 19 28 20 21,22,36,24,23 21 27,22,23,25 22 23 23 27,51,38,24,50 24 38,36 25 27,26 27 54,51 28 30,29,43 29 32,31,43 31 32,33,34,39,45 32 43,45 33 45,34,61 34 61,42,40,39,41 35 36,37 36 37,38 37 58,38 38 50,58 39 41,40 40 42,56,41,54 42 62,61,56,68 43 45,64,63,44,47 45 47,46,61 46 61,47,48,62,49 48 49,71,62 49 71 50 52,53,58,59,51 51 54,52 52 65,55,57,54,53 53 59,65 54 56,57,55 55 57 56 57,68 57 68,65,70 58 60,59 59 73,65,60,66 60 72,73 61 62 62 68,69,71 63 64 65 67,66,70 66 67,73,75 67 70 68 69,70 69 77,70,71 70 76,77 72 73,74,75 73 75 76 77
setup_map wastelands 23 27 33 34 38 51 53 58 70 75
settings starting_regions 3 8 12 16 18 21 26 31 37 42 43 52 55 60 61 64 67 71 73 76
settings starting_pick_amount 9
