settings timebank 10000
settings time_per_move 500
settings max_rounds 162
settings your_bot player1
settings opponent_bot player2
setup_map super_regions 1 3 2 5 3 4 4 2 5 3 6 4 7 4 8 4 9 6 10 3 11 6 12 3 13 4
setup_map regions 1 1 2 1 3 1 4 2 5 2 6 2 7 2 8 2 9 2 10 3 11 3 12 3 13 3 14 3 15 4 16 4 17 4 18 4 19 5 20 5 21 5 22 6 23 6 24 6 25 6 26 6 27 6 28 6 29 7 30 7 31 7 32 7 33 7 34 7 35 8 36 8 37 8 38 8 39 9 40 9 41 9 42 9 43 9 44 9 45 10 46 10 47 10 48 10 49 10 50 11 51 11 52 11 53 11 54 11 55 11 56 11 57 12 58 12 59 12 60 12 61 12 62 13 63 13 64 13 65 13
setup_map neighbors 1 2,3,22 2 3 3 17,23,22,25,27 4 8,6,9,5,7 5 6 6 11,9,12,10 7 8,19 8 31,9,29 9 12,13 10 11 11 12 12 13,14 13 14 15 17,18,16,21 16 20,21 17 18,24,23 18 24,35,36,23,21 19 20 20 29,30,21,32 21 35,32 22 25,27,26 23 24,36,27 25 27 26 27,28 27 28,36 28 47 29 30,31 30 31,34,33,32 31 34 32 33,40,35 33 50,41,34,40 35 36,40,37,39 36 37,39,38 37 39 38 42,44,39 39 40,42 40 41,43,42,52,53 41 52,50,51 42 44,53 43 52,53 44 64,63,53 45 48,49,46,47 46 47 47 57,58,49,60,59 48 49,61 49 59,61 50 51 51 52 52 54,53,56,55 53 62,64,55 54 56 55 56,62 56 62,65 57 58 58 60 59 60,61 62 64,65 63 64
setup_map wastelands 16 31 45 50 54 63
settings starting_regions 3 8 11 18 21 28 32 36 39 48 53 57 64
settings starting_pick_amount 6
