settings timebank 10000
settings time_per_move 500
settings max_rounds 157
settings your_bot player1
settings opponent_bot player2
setup_map super_regions 1 3 2 6 3 6 4 3 5 3 6 4 7 1 8 4 9 6 10 3 11 4 12 4 13 1
setup_map regions 1 1 2 1 3 1 4 1 5 1 6 1 7 2 8 2 9 2 10 2 11 2 12 2 13 2 14 3 15 3 16 3 17 3 18 3 19 3 20 4 21 4 22 4 23 5 24 5 25 5 26 5 27 6 28 6 29 6 30 6 31 7 32 7 33 7 34 8 35 8 36 8 37 8 38 8 39 8 40 9 41 9 42 9 43 9 44 9 45 9 46 9 47 10 48 10 49 10 50 10 51 11 52 11 53 11 54 11 55 11 56 12 57 12 58 12 59 12 60 12 61 13 62 13 63 13
setup_map neighbors 1 2,10,3,7,13 2 13,5,3,4 4 6 5 13,6,31 7 10,8 8 12,13,9,10,11 9 12,11 10 13 11 12 12 13,34 14 16,15,20 15 16,18 16 19,18,23,20 17 18,27 18 19,29,27,24,23,25 19 23 20 23,21 21 22,23 22 23,25 23 25 24 25,29,26 25 26 26 29 27 28,29 28 30,29 29 30 30 47,48,49 31 34,33 32 53,51,35,33 33 35,34 34 36,35 35 36,38,53 36 37,57,63,39,38,62 37 47,57 38 53,62,39 39 62 40 42,41 41 42,44,45 42 43,46,44,54,45 43 52,54 44 45 45 46,54 46 54 47 56,57,48 48 56,50,49,58,60 50 60 51 52,53 52 54,53,55,61 53 62,61 54 55 55 61 56 57,58,59 57 59,63 58 60,59 59 60,63 61 62 62 63
setup_map wastelands 7 24 29 30 59 62
settings starting_regions 4 12 17 22 23 28 31 34 43 50 53 57 63
settings starting_pick_amount 5
