settings timebank 10000
settings time_per_move 500
settings max_rounds 115
settings your_bot player2
settings opponent_bot player1
setup_map super_regions 1 2 2 5 3 5 4 5 5 4 6 1 7 2 8 3 9 6 10 3
setup_map regions 1 1 2 1 3 1 4 1 5 1 6 2 7 2 8 2 9 2 10 2 11 2 12 3 13 3 14 3 15 3 16 3 17 4 18 4 19 4 20 4 21 4 22 5 23 5 24 5 25 5 26 6 27 6 28 6 29 7 30 7 31 7 32 7 33 8 34 8 35 8 36 8 37 9 38 9 39 9 40 9 41 9 42 9 43 10 44 10 45 10 46 10
setup_map neighbors 1 2,4,3 2 18,5,4 3 4,17 4 5,20,18,17 5 18 6 7,10,19,8 7 8 8 11,10,9,12 9 14,15,12,11 10 22,19,27,25,24,11,15 11 15 12 14,13 13 14 14 16,15 15 26,28,27 17 21,20 18 23,30,22,20,31,19 19 22 20 21,29,30 21 29 22 24,23 23 31,24 24 25,27 25 27 26 28,34,37 27 28 28 37 29 30,31,32 30 31 31 32 33 36,34,35 34 35,37 35 38,36,37,44,43 36 44 37 38,39,40 38 40,43 39 40,41 40 42,41,43,45 41 45,42 42 45 43 45,44 45 46
setup_map wastelands 4 9 19 22 45
settings starting_regions 2 8 16 18 24 28 32 34 37 46
settings starting_pick_amount 5
