settings timebank 10000
settings time_per_move 500
settings max_rounds 150
settings your_bot player2
settings opponent_bot player1
setup_map super_regions 1 3 2 3 3 5 4 4 5 4 6 5 7 2 8 3 9 2 10 4 11 2 12 3 13 2
setup_map regions 1 1 2 1 3 1 4 1 5 1 6 2 7 2 8 2 9 3 10 3 11 3 12 3 13 3 14 3 15 3 16 4 17 4 18 4 19 4 20 5 21 5 22 5 23 5 24 5 25 6 26 6 27 6 28 6 29 6 30 6 31 7 32 7 33 7 34 7 35 8 36 8 37 8 38 8 39 9 40 9 41 9 42 9 43 10 44 10 45 10 46 10 47 11 48 11 49 11 50 11 51 12 52 12 53 12 54 12 55 12 56 12 57 13 58 13 59 13 60 13
setup_map neighbors 1 3,4,2 2 17,3,6 3 17,20,5,4 4 21,22,5 5 20,21 6 17,7 7 17,8,16 8 12,16,9 9 11,12 10 11 11 14,13,12 12 25,16,13 13 14 14 15,40 16 25,19,17 17 18,26,19,20 18 26,20 19 26,25,27 20 26,21 21 24,22,26,23 22 24 23 26,24 24 47,43,45,28,26 25 27,29 26 28,27 27 28,29,30 28 43,44,30 29 40 30 44 31 32 32 36,37,33,34 33 34 34 38,37,57 35 36,39 36 37,39,38,42,41 37 38 38 57,42,54,41 39 41,40 41 42,52,54 43 46,44,45 44 46 45 46,47,49 47 48,49,50 48 50 51 52,53 52 55,53,54,59 53 55 54 59,57,58 55 59,56 56 59 57 58 58 59,60 59 60
setup_map wastelands 4 10 12 30 44 60
settings starting_regions 2 6 11 17 24 27 33 38 42 45 49 54 59
settings starting_pick_amount 6
