settings timebank 10000
settings time_per_move 500
settings max_rounds 142
settings your_bot player2
settings opponent_bot player1
setup_map super_regions 1 2 2 5 3 4 4 5 5 2 6 4 7 3 8 2 9 4 10 3 11 3 12 3
setup_map regions 1 1 2 1 3 1 4 1 5 2 6 2 7 2 8 2 9 2 10 2 11 3 12 3 13 3 14 3 15 3 16 4 17 4 18 4 19 4 20 4 21 4 22 4 23 5 24 5 25 5 26 5 27 6 28 6 29 6 30 6 31 7 32 7 33 7 34 7 35 7 36 8 37 8 38 8 39 8 40 9 41 9 42 9 43 9 44 10 45 10 46 10 47 10 48 11 49 11 50 11 51 11 52 12 53 12 54 12 55 12 56 12 57 12
setup_map neighbors 1 2 2 3,31,36,4 3 4 4 37,36,38 5 11,7,6 6 10,8,11,7,15,14,40,43 7 32,31,8,33 8 9,10,33 9 10,35,34,31,33 11 15,12,14 12 14,13,40 13 40,17 14 40,15 16 17,23 17 19,18,27,23 18 28,19,30,20,29,27 19 22,21,20,43 20 22 23 24,27,28 24 28,25 25 26,29,28 27 28 28 30,29 29 30 31 34,37,36,33,32 34 35,39,37 35 49,48,39 36 37 37 39,38 39 44,48 40 43,41,42 41 42 44 48,45 45 50,48,46 46 50,47 47 50,51 48 50,49,55 49 55,54,52 50 55,57,51 51 57 52 53,54 53 54,56 54 57,55,56 55 57
setup_map wastelands 18 27 36 37 48 53
settings starting_regions 3 10 13 19 23 28 33 39 41 47 50 56
settings starting_pick_amount 3
