settings timebank 10000
settings time_per_move 500
settings max_rounds 185
settings your_bot player1
settings opponent_bot player2
setup_map super_regions 1 3 2 5 3 3 4 6 5 4 6 4 7 2 8 6 9 4 10 4 11 3 12 4 13 5 14 3
setup_map regions 1 1 2 1 3 1 4 1 5 2 6 2 7 2 8 2 9 2 10 2 11 3 12 3 13 3 14 3 15 3 16 4 17 4 18 4 19 4 20 4 21 4 22 4 23 5 24 5 25 5 26 5 27 5 28 5 29 6 30 6 31 6 32 6 33 6 34 6 35 7 36 7 37 7 38 8 39 8 40 8 41 8 42 8 43 8 44 9 45 9 46 9 47 9 48 9 49 10 50 10 51 10 52 10 53 10 54 10 55 11 56 11 57 11 58 12 59 12 60 12 61 12 62 12 63 12 64 12 65 13 66 13 67 13 68 13 69 13 70 14 71 14 72 14 73 14 74 14
setup_map neighbors 1 3,2 2 16,4,3 3 4,29,30 4 29,16,18 5 24,6,7 6 7,11 7 13,8,11,24 8 13,36,9,24 9 35,26,24,10,36,45 10 28,44,46,27,26,45 11 12,13,14 13 14,36 14 36,38,15 15 38 16 17,18 17 19,18 18 21,29,19,20,22 19 20 20 22,27,49,50 21 29,22 22 32,29,31 23 25,24 24 25,26 25 26,27,28 26 28 27 28,66 29 31,30 30 32,33,31 31 32 32 33 33 34 35 36,37,45 36 37,38 37 39,46,45,38 38 39,40 39 61,59,46,40,41 40 41,42 41 42,63,43,61 42 43 43 64,63 44 46 45 46 46 47,59,48 47 58,48,60 48 59,60 49 50 50 55,52,51 51 52,53,54 52 71,57,73,53,70,55 53 73,54 55 56,57 56 65,57 57 70,65 58 62,60,65 59 63,60,61 60 63,64,62 61 63 63 64 65 66,67,70,69,68 67 69 68 70,72,69 69 74,72 70 72,71 71 73,72 72 74,73
setup_map wastelands 3 16 28 35 39 49 55
settings starting_regions 4 10 13 18 23 29 37 42 47 52 57 62 68 72
settings starting_pick_amount 7
