settings timebank 10000
settings time_per_move 500
settings max_rounds 190
settings your_bot player2
settings opponent_bot player1
setup_map super_regions 1 4 2 4 3 2 4 1 5 5 6 5 7 6 8 4 9 4 10 1 11 1 12 5 13 2 14 4 15 3 16 1 17 6 18 2
setup_map regions 1 1 2 1 3 1 4 1 5 2 6 2 7 2 8 2 9 3 10 3 11 3 12 4 13 4 14 5 15 5 16 5 17 5 18 5 19 5 20 6 21 6 22 6 23 6 24 6 25 7 26 7 27 7 28 7 29 7 30 7 31 8 32 8 33 8 34 8 35 8 36 9 37 9 38 9 39 9 40 9 41 9 42 10 43 10 44 11 45 11 46 11 47 12 48 12 49 12 50 12 51 12 52 13 53 13 54 13 55 14 56 14 57 14 58 14 59 15 60 15 61 15 62 15 63 15 64 16 65 16 66 17 67 17 68 17 69 17 70 17 71 17 72 17 73 18 74 18 75 18 76 18
setup_map neighbors 1 2 2 6,5,3 3 4,26,6,25 4 8,26,29,47,32,6,7 5 6 6 7 7 9,8 8 11,36,31,32,9 9 10,11 10 12,11 11 36,22,12 12 20,22,13 13 20,14,21 14 17,18,21,16 15 17 16 17 17 19,43,42,18 18 21,20,44,24,42,45 20 23,24,22,21 22 23,38,37,36 23 24,38 24 55,38,41,45 25 26,27 26 27,29,28 27 28,52 28 29,52,47,64,30 29 47 30 52,53,64 31 36,33,32 32 47,33,48,34 33 34,36,39 34 48,66,49,35,39,67,40 35 40,67 36 37,38,39 37 38 38 40,39,41 39 40 40 41,55,56,57,67 41 55 42 43,44,45,46 43 46 44 45 45 46,55 46 59,61,55 47 48,64,49,50 48 49 49 68,66,50 50 64,68,75,74,51 51 64,74,65,73 52 53,54 53 54,64,65 55 56,58,57,61 56 57 57 69,67,58 58 62,69,61 59 60,61 60 61,62 61 62 62 69,63 63 69 64 65 65 73 66 67,70,68,71 67 71,69,70 68 70,75 69 72,70 70 71,76,72,75 72 76 73 74 74 75 75 76
setup_map wastelands 7 17 25 30 43 51 55 57 75
settings starting_regions 3 6 9 13 16 23 29 34 38 42 45 50 52 58 61 65 70 73
settings starting_pick_amount 8
