settings timebank 10000
settings time_per_move 500
settings max_rounds 112
settings your_bot player2
settings opponent_bot player1
setup_map super_regions 1 3 2 4 3 4 4 4 5 2 6 3 7 3 8 1 9 3 10 5
setup_map regions 1 1 2 1 3 1 4 1 5 2 6 2 7 2 8 2 9 3 10 3 11 3 12 3 13 3 14 3 15 4 16 4 17 4 18 4 19 5 20 5 21 5 22 5 23 6 24 6 25 6 26 6 27 6 28 7 29 7 30 7 31 7 32 7 33 8 34 8 35 8 36 9 37 9 38 9 39 9 40 9 41 10 42 10 43 10 44 10 45 10
setup_map neighbors 1 2 2 5,3 3 4,7,5 4 24,23,8,7 5 6,7 6 15,8,16,7,9 7 8 8 24,16,28,18 9 10,15 10 11,15,20,19 11 20,12,13,22 12 13,14 13 33,22,14,41,20,35 14 42,41 15 19,16,17,18,21 16 18 17 19,21 18 21,28,30 19 20,21 20 21,22,33 21 33,34,36,30 23 25,24 24 25,26,28,29 25 27,26 26 29 28 30,29 29 31,30,37,38 30 36,31,32 31 32,37,39,36,38 32 36 33 34,35 34 36,35 35 43,44,36,41 36 39,44,40 37 38 38 39 39 40 40 44 41 42,43 42 45,44,43 43 44 44 45
setup_map wastelands 7 12 18 20 41
settings starting_regions 3 8 10 15 22 25 29 33 39 43
settings starting_pick_amount 4
