settings timebank 10000
settings time_per_move 500
settings max_rounds 160
settings your_bot player2
settings opponent_bot player1
setup_map super_regions 1 2 2 2 3 6 4 3 5 2 6 5 7 4 8 5 9 3 10 4 11 2 12 3 13 4 14 2
setup_map regions 1 1 2 1 3 1 4 1 5 2 6 2 7 2 8 2 9 3 10 3 11 3 12 3 13 3 14 3 15 4 16 4 17 4 18 4 19 4 20 4 21 5 22 5 23 5 24 5 25 6 26 6 27 6 28 6 29 6 30 6 31 7 32 7 33 7 34 7 35 7 36 8 37 8 38 8 39 8 40 8 41 9 42 9 43 9 44 9 45 10 46 10 47 10 48 10 49 10 50 10 51 11 52 11 53 11 54 12 55 12 56 12 57 13 58 13 59 13 60 13 61 14 62 14 63 14 64 14
setup_map neighbors 1 2 2 5,3,6,4,24 3 8,27,7,24,4,34 4 6,7 5 6 6 7,10,11,9 7 11,25,26,8 8 26,27 9 10 10 12,15,25,13,11 11 25 12 17,13,19,14,15 13 14,25,28 14 19 15 17,16,18 16 18 17 19,18 18 20 19 20 21 23 22 24,33,23 23 31,33,32 24 33,34 25 28,26 26 28,29,27 27 29,36,37,34,30,39 28 29 29 30 30 51,39 31 32,41 32 41,33,35 33 36,35,34 34 36 35 36,38,41 36 37,38 37 52,38,39,51 38 43,40,41,44,52 39 51 40 52,61,55,44,63,56 41 43,42 42 43,48 43 44,48,54,55 44 55 45 47,46,49 46 47 47 48,50,49 48 57,50,58,54 49 50 50 58,59 51 53,52 52 53,61 54 57,55,56 55 56 56 57,63 57 60,58,59 58 59 59 60 61 62,64,63 62 63 63 64
setup_map wastelands 5 24 36 42 46 60 62
settings starting_regions 3 7 12 20 23 28 31 39 43 45 51 55 59 63
settings starting_pick_amount 6
