settings timebank 10000
settings time_per_move 500
settings max_rounds 152
settings your_bot player2
settings opponent_bot player1
setup_map super_regions 1 5 2 2 3 4 4 4 5 3 6 3 7 5 8 4 9 6 10 3 11 4 12 2
setup_map regions 1 1 2 1 3 1 4 1 5 1 6 1 7 1 8 2 9 2 10 2 11 2 12 3 13 3 14 3 15 3 16 3 17 4 18 4 19 4 20 4 21 4 22 5 23 5 24 5 25 6 26 6 27 6 28 6 29 7 30 7 31 7 32 7 33 7 34 7 35 8 36 8 37 8 38 8 39 8 40 8 41 9 42 9 43 9 44 9 45 9 46 9 47 9 48 10 49 10 50 10 51 10 52 10 53 11 54 11 55 11 56 11 57 11 58 12 59 12 60 12 61 12
setup_map neighbors 1 2,8,3 2 8,5,14,3,4,7,9 3 14,13 4 19,7,6,18,9 5 7,14 6 9,18 7 19 8 9 9 10,17,18 10 11,17 11 17 12 13 13 23,22,15,14 14 15,25,16 15 25,23 16 27,25 17 18,20 18 20,19,21 19 41,21,42 22 23,24 23 25,26,24 24 26 25 26,27 26 28,49,48,27 27 50,48,41 29 35,30 30 32,35,31 31 35,32,39,60,37,38 32 58,34,60,59,33 33 46 34 58 35 37,36 36 37 37 38 38 39,40 39 60,40 40 60 41 42,43,45 42 43 43 46,53,44,45 44 46 45 53 46 57,53,47 47 57 48 50,49,52,51 49 51 50 52,51,54 51 52 53 56,57,55,54 54 55 55 56 56 57 58 59,60 59 60 60 61
setup_map wastelands 7 15 17 18 32 36
settings starting_regions 4 11 14 20 23 26 29 37 45 51 54 58
settings starting_pick_amount 6
