settings timebank 10000
settings time_per_move 500
settings max_rounds 195
settings your_bot player1
settings opponent_bot player2
setup_map super_regions 1 3 2 4 3 3 4 1 5 1 6 1 7 7 8 1 9 4 10 4 11 1 12 0 13 2 14 5 15 0 16 0 17 6 18 3 19 3 20 3 21 4
setup_map regions 1 1 2 1 3 1 4 1 5 2 6 2 7 2 8 2 9 2 10 3 11 3 12 3 13 4 14 4 15 5 16 5 17 5 18 6 19 6 20 6 21 7 22 7 23 7 24 7 25 7 26 7 27 7 28 8 29 8 30 8 31 9 32 9 33 9 34 9 35 9 36 10 37 10 38 10 39 10 40 10 41 11 42 11 43 12 44 12 45 13 46 13 47 13 48 13 49 14 50 14 51 14 52 14 53 14 54 15 55 15 56 16 57 16 58 17 59 17 60 17 61 17 62 17 63 17 64 18 65 18 66 18 67 18 68 19 69 19 70 19 71 19 72 20 73 20 74 20 75 21 76 21 77 21 78 21
setup_map neighbors 1 2,4 2 3,13,14,4 3 5,15,13 4 14,31 5 6,15,9 6 7,18,9,10 7 10,18,8 8 12,10,18,21,23,43,22,44 9 36,15,18,37 10 12,11 11 12 12 21 13 14,15,16 14 41,31,16 15 17,16,36 16 17,38,42,41 17 38,36 18 19,37,43,44 19 44,46,45,36,37,20 20 44,46 21 22 22 25,26,24,23 23 24,44 24 58,59,44,26 25 63,59,27,26,68 26 59 28 32,30,29,31 29 31 30 32 31 33,41,34,32 32 54,55,34,35,49 33 49,41,56,39,57,42,34 34 49 35 55 36 37,45,38 38 42,40,39,45 39 57,42,40 40 45,47,57 41 42 43 44 44 46,58 45 46,64,48,47 46 64,62,58,60 47 65,53,72,56,75,57,49,48,66 48 66,64 49 50,56,51,54,53 50 51,54,52,53 51 53 52 55 53 72,74,73 54 55 56 57 58 60,59,61 59 63,61 60 69,67,62,61,63 61 63 62 67,64 63 69,68,70 64 66,76,67 65 66,75 66 75,76 67 69,76 68 70 69 71,77,70,76 70 71 71 77 72 74,75 73 74 74 75,78 75 78,76 76 77
setup_map wastelands 11 16 21 25 26 27 42 50 59 68
settings starting_regions 1 5 10 14 15 20 22 29 31 40 41 44 48 51 55 56 58 67 71 72 77
settings starting_pick_amount 10
