settings timebank 10000
settings time_per_move 500
settings max_rounds 145
settings your_bot player2
settings opponent_bot player1
setup_map super_regions 1 4 2 4 3 4 4 1 5 6 6 5 7 5 8 4 9 4 10 6 11 3
setup_map regions 1 1 2 1 3 1 4 1 5 1 6 1 7 2 8 2 9 2 10 2 11 2 12 2 13 3 14 3 15 3 16 3 17 4 18 4 19 4 20 5 21 5 22 5 23 5 24 5 25 5 26 5 27 6 28 6 29 6 30 6 31 6 32 6 33 7 34 7 35 7 36 7 37 7 38 7 39 8 40 8 41 8 42 8 43 9 44 9 45 9 46 9 47 10 48 10 49 10 50 10 51 10 52 10 53 10 54 11 55 11 56 11 57 11 58 11
setup_map neighbors 1 4,3,2 2 3,13 3 4,5,6,13,34 4 6,33 5 13,34,16 6 34,35,33 7 10,27,8,9,28 9 10 10 11,28 11 28,12,31,30,22,43 12 31 13 15,16,14 14 15 15 40,16 16 34 17 18,19,39,40 18 20,19 19 20,23,41,39 20 22,23 21 22 22 23,24 23 41,25,26 25 43,26,44 26 44 27 28 28 29,30 29 32,30,31 30 31 31 32 33 35,36 34 35,37 35 36,37,38 36 38 37 38 39 41,40 40 41,42 41 42 43 47,45,44 44 45,46,56 45 54,46,47,48,56 46 56 47 48 48 50,54,51 49 50 51 53,52,57,54 52 57 54 56,57 55 56 56 57,58 57 58
setup_map wastelands 1 22 32 36 53
settings starting_regions 6 12 13 19 24 29 37 40 46 47 58
settings starting_pick_amount 5
