settings timebank 10000
settings time_per_move 500
settings max_rounds 157
settings your_bot player1
settings opponent_bot player2
setup_map super_regions 1 3 2 5 3 3 4 4 5 3 6 5 7 6 8 2 9 4 10 5 11 3 12 6 13 4
setup_map regions 1 1 2 1 3 1 4 1 5 2 6 2 7 2 8 2 9 2 10 2 11 3 12 3 13 3 14 3 15 4 16 4 17 4 18 4 19 4 20 5 21 5 22 5 23 5 24 6 25 6 26 6 27 6 28 6 29 6 30 7 31 7 32 7 33 7 34 7 35 7 36 7 37 8 38 8 39 8 40 9 41 9 42 9 43 9 44 9 45 10 46 10 47 10 48 10 49 10 50 11 51 11 52 11 53 12 54 12 55 12 56 12 57 12 58 12 59 13 60 13 61 13 62 13 63 13
setup_map neighbors 1 2,5 2 3,4,37,8,5 3 37 4 8,10,40,43,42,37 5 6,8,9 6 9,7 7 9 8 9,28,10 9 25,28 10 28,40 11 12,13 12 13,15 13 18,14,17,24,15 14 24,18 15 16,17 16 17,20,19,22 17 18,19 18 19 19 45,22 20 21,22 21 23,22 22 23 24 27,26 25 28,30,26 26 27,30 27 30,51,50,31 28 40,29,41,30 29 30,33,34,42,41 30 31,32,34 31 50,32 32 34,50,36,35,52,33 33 34,42,36,44 35 52 37 38,43 38 43,39 39 43 40 41,42 41 42 42 44,43 43 44 45 46,47 46 48,53,55,47,58 47 49,48 48 49,58 49 60,58 50 52 51 52 53 55 54 56,55 55 56,58,57 56 59,57,58 58 60,61,59 59 61,63,62,60 60 61
setup_map wastelands 1 16 30 36 43
settings starting_regions 3 9 12 15 23 29 33 38 42 47 52 54 63
settings starting_pick_amount 5
