settings timebank 10000
settings time_per_move 500
settings max_rounds 202
settings your_bot player2
settings opponent_bot player1
setup_map super_regions 1 1 2 6 3 3 4 5 5 0 6 6 7 1 8 4 9 6 10 1 11 4 12 0 13 2 14 3 15 2 16 3 17 3 18 4 19 0 20 0 21 1 22 2
setup_map regions 1 1 2 1 3 1 4 2 5 2 6 2 7 2 8 2 9 2 10 3 11 3 12 3 13 3 14 3 15 4 16 4 17 4 18 4 19 4 20 5 21 5 22 6 23 6 24 6 25 6 26 6 27 6 28 7 29 7 30 8 31 8 32 8 33 8 34 9 35 9 36 9 37 9 38 9 39 9 40 9 41 10 42 10 43 11 44 11 45 11 46 11 47 12 48 12 49 13 50 13 51 13 52 13 53 14 54 14 55 14 56 14 57 14 58 15 59 15 60 15 61 16 62 16 63 16 64 17 65 17 66 17 67 17 68 18 69 18 70 18 71 18 72 18 73 19 74 19 75 20 76 20 77 21 78 21 79 22 80 22 81 22
setup_map neighbors 1 3,22,2,4 2 4,3,7 3 23,22,41,7 4 5,6,7 5 6 6 11,8,7,10,12 7 8,41,48,47 8 12,13,9,48,36 9 48,54,40,36 10 11 11 12,15,16 12 16,13 13 16,37,33,39,36,14 14 30,39,38,33 15 16 16 19,17,33 17 18,19 18 31,30,20,21,19 19 30,33 20 21 21 28,32,31 22 23,24 23 41,24,42,25 24 26,27,25 25 42,43,26 26 44,43,27 28 32,29,35 29 35 30 33,34,38,31,32 31 32 32 34,35,38 34 38 35 49,51,38 36 37,40 37 39,40 38 50,39,51,61 39 61,59,40 40 58,59,54 41 42,47,45 42 45,43 43 45,44 44 64,45,65 45 47,53,65,46,55 46 77,75,55,65,67 47 53,48 48 53,54 49 52,51 50 52,68,62,61,51 51 52 53 55,54 54 57,56,60,73,58,55 55 56,79,77,57,80 56 57 57 81,80,74,73 58 60,59 59 61,63,60 60 69,73,63 61 62,63 62 68,69,63 63 69 64 65,66 65 67,66 66 75,67 67 75 68 70,69 69 73,71,70,74 70 72 71 74 73 74 74 81 75 76,77 77 78,79 78 80,79 79 80 80 81
setup_map wastelands 7 10 16 34 36 52 54 63 68 71
settings starting_regions 2 9 13 15 20 26 28 31 39 41 46 48 49 57 59 61 64 69 73 76 77 81
settings starting_pick_amount 8
