settings timebank 10000
settings time_per_move 500
settings max_rounds 202
settings your_bot player1
settings opponent_bot player2
setup_map super_regions 1 2 2 0 3 6 4 6 5 3 6 2 7 4 8 6 9 0 10 3 11 3 12 1 13 1 14 1 15 4 16 2 17 3 18 3 19 1 20 3
setup_map regions 1 1 2 1 3 1 4 1 5 2 6 2 7 3 8 3 9 3 10 3 11 3 12 3 13 3 14 4 15 4 16 4 17 4 18 4 19 4 20 5 21 5 22 5 23 5 24 5 25 6 26 6 27 6 28 6 29 6 30 7 31 7 32 7 33 7 34 7 35 8 36 8 37 8 38 8 39 8 40 8 41 9 42 9 43 10 44 10 45 10 46 10 47 10 48 11 49 11 50 11 51 11 52 11 53 12 54 12 55 13 56 13 57 14 58 14 59 15 60 15 61 15 62 15 63 15 64 16 65 16 66 16 67 17 68 17 69 17 70 17 71 17 72 18 73 18 74 18 75 18 76 18 77 19 78 19 79 20 80 20 81 20
setup_map neighbors 1 2,3,5 2 3,4 3 30,10,5,4,6 4 26,30,31 5 6,7,8,9 6 10,9 7 9,8,15,14 8 9 9 17,15,11,10,12 10 30,11,32 11 35,32,13,12 12 17,36,13 13 36,35 14 15 15 17,16,18 16 22,18,20,21 17 18,22,19,36 18 22 19 22,36 20 21 21 23,22 22 41,24,23,36 23 41 24 41,36 25 27 26 31,27,29 27 43,28,29 28 43 29 31,44,43 30 33,31,32 31 33,44 32 35,37,34,33 33 45,44,34 34 55,45,37,39 35 37,40,38,36,39,49,57 36 49,41 37 39,38 38 39 39 77,68,74,58,57,72,40,56,76,78,55 40 57 41 50,42,49,48 42 48 43 46,44,53 44 46,45 45 64,46,55,65,47,67 46 53,47 47 54,53,65,66 48 50,59 49 50,57,51 50 52,59,51 51 57,60,52 52 60,59,61 53 54 54 66 55 68,67,56 56 68 57 73,72,58,60 59 62,61 60 63,73,61,75 61 62,79,63 62 80,79 63 79,75 64 67,65 65 66,67 66 69,67 67 68,69,71 68 77,70,71 69 71,70 70 77,71 72 73,74 73 75,74 74 76,75 75 81,79 76 78,77 77 78 79 80,81
setup_map wastelands 6 26 29 33 40 46 59 62 71 72
settings starting_regions 1 5 8 15 21 28 30 39 42 47 52 54 55 58 60 65 68 73 77 80
settings starting_pick_amount 9
