settings timebank 10000
settings time_per_move 500
settings max_rounds 160
settings your_bot player2
settings opponent_bot player1
setup_map super_regions 1 1 2 5 3 2 4 2 5 2 6 2 7 4 8 4 9 5 10 4 11 3 12 4 13 3 14 3
setup_map regions 1 1 2 1 3 1 4 2 5 2 6 2 7 2 8 2 9 2 10 2 11 3 12 3 13 3 14 3 15 4 16 4 17 4 18 4 19 4 20 5 21 5 22 5 23 5 24 6 25 6 26 6 27 7 28 7 29 7 30 7 31 7 32 8 33 8 34 8 35 8 36 9 37 9 38 9 39 9 40 9 41 10 42 10 43 10 44 10 45 10 46 11 47 11 48 11 49 11 50 12 51 12 52 12 53 12 54 12 55 12 56 12 57 13 58 13 59 13 60 13 61 14 62 14 63 14 64 14
setup_map neighbors 1 2 2 3,27,29 3 27 4 5,6,8,9 5 7,8,11 6 28,9 7 46,10,32,13,11,8 8 9,10 9 41,46,42,28,10 10 46 11 14,13,12,15 12 15,18,14 13 14,32 14 32,33,18 15 17,16,18 16 17,19 17 18,19 18 33,19,50 20 21,37,36,22 21 23,37,36,24,25 22 36 23 25,38,36 24 25 25 26,38 26 39,38 27 29,28,31,41,30 28 41 29 30 30 43,31,45 31 43,41 32 47,34,33,35 33 34 34 50 36 37,38,39,40 38 39 39 51,40 40 51 41 42,43 42 44,46,48,43 43 44,45 44 48,45 46 49,48,47 48 49 50 57,51 51 53,52,61,55,54,57 52 57,61 53 54,56,61 54 56,55,64 56 61,63,64 57 61,58 58 61,59 59 60,62,61 61 62,63 62 63 63 64
setup_map wastelands 16 25 27 32 43 51 55
settings starting_regions 2 10 14 17 21 26 29 34 38 41 46 53 60 63
settings starting_pick_amount 6
