settings timebank 10000
settings time_per_move 500
settings max_rounds 107
settings your_bot player2
settings opponent_bot player1
setup_map super_regions 1 3 2 5 3 2 4 3 5 5 6 2 7 3 8 3 9 4 10 3
setup_map regions 1 1 2 1 3 1 4 1 5 1 6 2 7 2 8 2 9 2 10 2 11 2 12 3 13 3 14 3 15 3 16 4 17 4 18 4 19 5 20 5 21 5 22 5 23 5 24 6 25 6 26 6 27 7 28 7 29 7 30 7 31 7 32 8 33 8 34 8 35 9 36 9 37 9 38 9 39 10 40 10 41 10 42 10 43 10
setup_map neighbors 1 12,5,3,2,13,7 2 3,5 3 4,5,14,6,13,12 4 6 6 17,16,24,14,8,15 7 13,21,10,9,8 8 13,10,24,15 9 21,23,20,10 10 11,35,32,23,27,24 11 32,23 12 13 13 14,15 14 15 16 17,18 17 25,24,18 18 25 19 20 20 22,21,23 23 32,33 24 25,27,26 25 28,27,26 26 27 27 36,35,29,28 28 29,30,31 29 36,37,31 31 37,38 32 39,33,34,35 33 39 34 39,40,35 35 41,40,36,37 36 37 37 38,41 39 42,43,40 40 41,43
setup_map wastelands 3 6 17 23 39
settings starting_regions 1 9 12 18 19 24 31 34 38 42
settings starting_pick_amount 5
