settings timebank 10000
settings time_per_move 500
settings max_rounds 160
settings your_bot player1
settings opponent_bot player2
setup_map super_regions 1 4 2 4 3 2 4 4 5 4 6 4 7 6 8 3 9 3 10 2 11 3 12 5 13 2 14 5
setup_map regions 1 1 2 1 3 1 4 1 5 1 6 1 7 2 8 2 9 2 10 2 11 3 12 3 13 3 14 3 15 4 16 4 17 4 18 4 19 4 20 5 21 5 22 5 23 5 24 6 25 6 26 6 27 6 28 7 29 7 30 7 31 7 32 7 33 7 34 8 35 8 36 8 37 8 38 9 39 9 40 9 41 10 42 10 43 10 44 10 45 11 46 11 47 11 48 11 49 12 50 12 51 12 52 12 53 12 54 12 55 12 56 13 57 13 58 13 59 14 60 14 61 14 62 14 63 14 64 14
setup_map neighbors 1 7,3,2 2 3,5,4 3 7,5,24 4 5,6,38 5 6,24 6 40,39,38,24,27 7 24,8,9 8 9 9 10,24,11,13 10 25,24,14,13 11 12,13 12 13,18,16 13 18,14 14 28,26,25,30,18 15 17,16 16 19,21,18,23,29,17 17 21,19,20 18 28,29 19 21 20 22,21 21 22,23 22 36,41,34,23 23 41,29,28,31 24 26,25,27 25 26 26 45,27,30,46 27 40,45 28 29,30,56,31,57 30 56,58,46 31 56,57,43,41,32,59,61,33 32 56,33,61 33 61 34 35,36 35 42,36,49,37 36 41,42 37 51,42,49,50,52 38 39,40 39 40 40 45 41 42,43 42 44,43,51 43 59,44,60 44 60,53,63,62,51 45 46,47,48 46 58 47 48 49 50 50 51,52 51 54,52,55,53 53 54,63 54 55,63 56 57,58 59 61,62,60 60 62 61 64,62 62 64,63 63 64
setup_map wastelands 3 9 15 22 23 57 60
settings starting_regions 6 7 11 17 21 24 32 37 40 42 45 53 56 64
settings starting_pick_amount 6
