settings timebank 10000
settings time_per_move 500
settings max_rounds 165
settings your_bot player2
settings opponent_bot player1
setup_map super_regions 1 2 2 3 3 3 4 6 5 4 6 5 7 3 8 5 9 5 10 3 11 2 12 4 13 1 14 3
setup_map regions 1 1 2 1 3 1 4 1 5 2 6 2 7 2 8 2 9 2 10 2 11 3 12 3 13 3 14 3 15 4 16 4 17 4 18 4 19 4 20 4 21 5 22 5 23 5 24 5 25 5 26 6 27 6 28 6 29 6 30 6 31 6 32 6 33 7 34 7 35 7 36 7 37 8 38 8 39 8 40 8 41 8 42 9 43 9 44 9 45 9 46 9 47 9 48 9 49 10 50 10 51 10 52 11 53 11 54 11 55 12 56 12 57 12 58 12 59 12 60 13 61 13 62 13 63 14 64 14 65 14 66 14
setup_map neighbors 1 5,3,2 2 3,4 3 15,4,5,9 4 26,15,19,27 5 6,8,9 6 7,8 7 8,10 8 16,15,10,9 9 15 10 17,16 11 12,13 12 14,23,13,42,21,44 13 21,22 14 43,42 15 19,16 16 17,20,19 17 37,18,34,20 19 33,27,20 20 33,34,35 21 23,25,22,24 22 24,37 23 46,44,24,45 24 25,45,47,49 26 27,29,28,30 27 33,28 28 33,31,30 29 30,32 30 31,60,32,36,56 31 36,33 32 60,61 33 36,35 34 38,35,37 35 36,38 36 39,56,38 37 38,49 38 55,39,40 39 56,40,41 40 41,58,55,56 41 56 42 54,44,43,52,48,46 44 46 45 46,47 46 47,48 47 50,51,48,64,49 48 65,63,54,64 49 50 50 51 51 64,66 52 53,54 53 54,63 54 63 55 57,58 56 62,60,58 57 58 58 59 60 62,61 61 62 63 65 64 66,65 65 66
setup_map wastelands 2 16 18 24 37 44 45
settings starting_regions 4 8 13 15 21 28 34 39 48 51 54 57 60 66
settings starting_pick_amount 6
