settings timebank 10000
settings time_per_move 500
settings max_rounds 145
settings your_bot player1
settings opponent_bot player2
setup_map super_regions 1 1 2 6 3 5 4 4 5 4 6 5 7 2 8 3 9 3 10 5 11 3 12 1
setup_map regions 1 1 2 1 3 1 4 2 5 2 6 2 7 2 8 2 9 2 10 2 11 3 12 3 13 3 14 3 15 3 16 3 17 4 18 4 19 4 20 4 21 4 22 5 23 5 24 5 25 5 26 5 27 6 28 6 29 6 30 6 31 6 32 6 33 6 34 7 35 7 36 7 37 8 38 8 39 8 40 8 41 8 42 9 43 9 44 9 45 9 46 9 47 10 48 10 49 10 50 10 51 10 52 10 53 11 54 11 55 11 56 12 57 12 58 12
setup_map neighbors 1 2,3 2 3,4,6 3 13,11,6,9,14 4 5,7,6 5 8,7 6 7,9 7 10,9,8 8 10 9 14,37,10 10 38,37,28 11 12,13 12 13,15,14 13 14 14 37,16,15 15 16,49 16 49,37 17 19,22,23,24 18 34,19,20 19 23,43,24,21,34,20,42 20 34 21 43 22 23 23 42,25,24 25 26,42 26 44,42 27 28 28 32,30,29,31,38 30 32,48,38,53 31 36,32,33,53 32 53 33 53 34 35,43,36 35 36,45,43 36 56,45 37 38,39,41,50 38 40,47,39,41,48 39 41 40 47 41 50,47 42 43,44 43 45,46,44 44 57,45,46 45 58,46,57,56 47 51,54,48,53,50 48 53 49 52,50 50 54,52 51 54,53 53 55,54 54 55 56 58 57 58
setup_map wastelands 15 23 31 38 45 54
settings starting_regions 3 7 14 19 26 32 36 39 44 48 55 56
settings starting_pick_amount 6
