settings timebank 10000
settings time_per_move 500
settings max_rounds 127
settings your_bot player2
settings opponent_bot player1
setup_map super_regions 1 5 2 3 3 2 4 2 5 2 6 3 7 2 8 3 9 2 10 3 11 6
setup_map regions 1 1 2 1 3 1 4 1 5 1 6 1 7 2 8 2 9 2 10 2 11 2 12 3 13 3 14 3 15 3 16 4 17 4 18 4 19 4 20 5 21 5 22 5 23 5 24 6 25 6 26 6 27 6 28 7 29 7 30 7 31 7 32 8 33 8 34 8 35 8 36 9 37 9 38 9 39 9 40 10 41 10 42 10 43 10 44 10 45 11 46 11 47 11 48 11 49 11 50 11 51 11
setup_map neighbors 1 3,2,4 2 12,4,7 3 5,4 4 13,14,5,12 5 6,14 6 24,25,27,14 7 9,10,12,8,11 8 16,11 9 15,13,11,10,12 10 11 11 20,16,17,15,21 12 13 13 15,14 14 15,25 15 22,25,21,20 16 18,19,17 17 19,21 18 19 19 21,29 20 21 21 23,22 22 25 24 25,27 25 27 26 27 28 30,32 29 30,31 30 31,46,45,35,34,32 31 45 32 34 33 34,40,36 34 40,35 35 50,46,40,41 36 37,40 37 40,38,39,44,43,42 38 39 39 43,44 40 42,41 41 42,43,50 42 43 43 50,44,51 45 46,47,49 46 48,49,50 48 50,49 49 51,50 50 51
setup_map wastelands 4 7 13 21 27
settings starting_regions 3 8 14 18 22 25 30 33 39 40 46
settings starting_pick_amount 5
