settings timebank 10000
settings time_per_move 500
settings max_rounds 105
settings your_bot player1
settings opponent_bot player2
setup_map super_regions 1 2 2 2 3 4 4 5 5 1 6 3 7 4 8 3 9 4 10 3
setup_map regions 1 1 2 1 3 1 4 1 5 2 6 2 7 2 8 2 9 3 10 3 11 3 12 3 13 3 14 4 15 4 16 4 17 4 18 4 19 5 20 5 21 5 22 6 23 6 24 6 25 6 26 6 27 7 28 7 29 7 30 7 31 8 32 8 33 8 34 9 35 9 36 9 37 9 38 9 39 10 40 10 41 10 42 10
setup_map neighbors 1 2,3,6 2 4,3,9,10 3 4,14,6 4 10,22,14,23 5 7 6 14,7 7 15,19,8,14 8 19 9 12,11,13,10 10 12,22,11 11 12 12 13,28,27,23,22 13 28,29 14 16,17,23,15 15 24,19,18,17,31 16 17,23 17 25,24,23 18 31,19,20 19 20 20 21,31 22 23 23 26,25,27 24 39,31,25,40,35 25 26,34,35 26 27,34 27 28,30,34 28 29,30 30 36,34 31 41,32,39,33 34 37,36,35,38,40 35 40 38 40 39 41,40,42
setup_map wastelands 3 10 12 22 29
settings starting_regions 1 8 11 14 20 25 30 31 36 41
settings starting_pick_amount 4
