settings timebank 10000
settings time_per_move 500
settings max_rounds 167
settings your_bot player2
settings opponent_bot player1
setup_map super_regions 1 4 2 2 3 4 4 3 5 3 6 1 7 3 8 3 9 6 10 4 11 5 12 5 13 3 14 4
setup_map regions 1 1 2 1 3 1 4 1 5 1 6 2 7 2 8 2 9 2 10 3 11 3 12 3 13 3 14 3 15 3 16 4 17 4 18 4 19 4 20 4 21 5 22 5 23 5 24 5 25 5 26 6 27 6 28 6 29 7 30 7 31 7 32 8 33 8 34 8 35 8 36 9 37 9 38 9 39 9 40 9 41 9 42 9 43 10 44 10 45 10 46 10 47 11 48 11 49 11 50 11 51 11 52 12 53 12 54 12 55 12 56 12 57 12 58 13 59 13 60 13 61 13 62 13 63 13 64 14 65 14 66 14 67 14
setup_map neighbors 1 3,4,8,2,6 2 6 3 9,8,4,5,44 4 5 5 45,44 6 9,8,7 7 9,10,13 8 9 9 43,44 10 11 11 14,12,13,15 12 16,18,14 13 15 14 19,18,15,32,33 15 32,35,34 16 18,17 18 19,20,38 19 33,38,37 20 39,38,36 21 26,22,23,36 22 24,28,23,26,36 24 25,28,31 25 31 26 27,28 27 29,28,31 28 31 29 31,30 30 31 32 33,47,35 33 37,47 34 35 35 43,48,47 36 40,39 37 38,47 38 47,39,42 39 53,40,42,55,52 40 41,54,53 41 54 42 52,47,50 43 44 44 46,45 45 46 47 49,50,48 48 49,50,51 49 50 50 51,52 51 52 52 57,55 53 54,56,55 54 56,59,64 55 56,57 56 57,64 57 66,64 58 59,61,60 59 64,62,65,60 60 61,62 61 63,62 62 65,63 64 65,66 65 66,67 66 67
setup_map wastelands 2 5 19 31 32 64 67
settings starting_regions 3 8 11 17 23 27 29 35 41 45 48 56 62 66
settings starting_pick_amount 5
