settings timebank 10000
settings time_per_move 500
settings max_rounds 127
settings your_bot player1
settings opponent_bot player2
setup_map super_regions 1 5 2 2 3 6 4 1 5 3 6 2 7 4 8 4 9 3 10 3 11 2
setup_map regions 1 1 2 1 3 1 4 1 5 1 6 1 7 2 8 2 9 2 10 2 11 3 12 3 13 3 14 3 15 3 16 3 17 3 18 4 19 4 20 4 21 4 22 5 23 5 24 5 25 5 26 6 27 6 28 6 29 6 30 7 31 7 32 7 33 7 34 8 35 8 36 8 37 8 38 8 39 9 40 9 41 9 42 9 43 10 44 10 45 10 46 10 47 11 48 11 49 11 50 11 51 11
setup_map neighbors 1 2,4,5 2 3,4,7 3 7,12,13,4 4 5,6,12 5 6,30 6 30,31,12,32,39 7 8,13,14 8 11,9,10,14 9 10 10 11 11 17,14,26 12 16,13,15,39 13 14,15 14 17,15 15 17,40,16 16 39,40 17 26,27,41 18 22,20 19 20,21 20 24,21,22 21 24,25 22 35,24,23 23 34,35 24 43,44,25,35 25 44,46 26 28,27 27 28,41,29 28 29 30 32,34 31 39,33,32 32 47,33 33 47,39,48 34 35,36 35 36,45,43,37 36 37 37 45,38,44 39 48,40,41,42 40 41 41 42 42 48 43 45,44 44 45,46 47 49,48,50 48 50,51 49 50 50 51
setup_map wastelands 2 5 24 45 51
settings starting_regions 4 8 13 19 22 28 33 37 42 44 50
settings starting_pick_amount 5
