settings timebank 10000
settings time_per_move 500
settings max_rounds 117
settings your_bot player1
settings opponent_bot player2
setup_map super_regions 1 2 2 6 3 3 4 3 5 5 6 1 7 3 8 3 9 1 10 2
setup_map regions 1 1 2 1 3 1 4 1 5 1 6 2 7 2 8 2 9 2 10 2 11 2 12 2 13 3 14 3 15 3 16 3 17 4 18 4 19 4 20 4 21 4 22 5 23 5 24 5 25 5 26 5 27 5 28 6 29 6 30 6 31 7 32 7 33 7 34 7 35 7 36 7 37 8 38 8 39 8 40 8 41 9 42 9 43 9 44 10 45 10 46 10 47 10
setup_map neighbors 1 2,4,5,6,7,10 2 5,3 3 5 4 6 5 8,10 6 7,9 7 9,10 8 10,11 9 10,22 10 24,22,12,11,25 12 25 13 17,14,19,28 14 15,28,19 15 19,28,16,42 16 28,29,42,41 17 19,18 18 19,31 19 37,21,20,42 20 37 21 39,42,37 22 32,24,23 23 33,24,27,32,45 24 25,26,27 25 26 26 46,27 27 46,47,45 28 29 29 41,30 31 33,34,32 32 33 33 44,34,35,45 35 36,44 37 38,39 38 39 39 40,42 40 42 41 42,43 42 43 44 47,45 45 47 46 47
setup_map wastelands 14 18 28 39
settings starting_regions 1 12 16 17 25 29 31 40 43 44
settings starting_pick_amount 4
