settings timebank 10000
settings time_per_move 500
settings max_rounds 140
settings your_bot player1
settings opponent_bot player2
setup_map super_regions 1 5 2 3 3 4 4 3 5 5 6 3 7 2 8 5 9 3 10 3 11 5 12 4
setup_map regions 1 1 2 1 3 1 4 1 5 1 6 1 7 2 8 2 9 2 10 2 11 3 12 3 13 3 14 3 15 4 16 4 17 4 18 4 19 5 20 5 21 5 22 5 23 5 24 5 25 6 26 6 27 6 28 6 29 7 30 7 31 7 32 7 33 8 34 8 35 8 36 8 37 8 38 8 39 8 40 9 41 9 42 9 43 10 44 10 45 10 46 10 47 11 48 11 49 11 50 11 51 11 52 11 53 12 54 12 55 12 56 12
setup_map neighbors 1 5,2 2 3,5,4,6 3 4 4 8,6,7 5 25,6 6 8,10,26,25 7 11,9,8 8 9,10 9 10,19,20,11 10 26,20 11 12,19,14 12 13,14,15 13 14,15 14 21,19,16,22,15 15 16,17 16 18,22,17 17 18 19 21,20,24,23 20 23 21 24,22 25 26,28 26 28 27 28 28 33 29 30,31 30 31 31 40,32 32 44,45,40,43 33 35,36,34 34 38,47,36,37,41 35 36,39,38,53 36 38 37 47,49,41 38 47,53,39 39 53 40 41,42,43 41 48,42,49 42 48,43 43 48,45,46 44 45 45 46 46 50,48 47 48,49,51,53,54,55 48 49,50,51 50 52,51 51 55,52 53 54,56 54 55,56
setup_map wastelands 3 5 6 9 17
settings starting_regions 2 8 13 18 19 28 32 39 40 44 51 53
settings starting_pick_amount 5
