settings timebank 10000
settings time_per_move 500
settings max_rounds 215
settings your_bot player1
settings opponent_bot player2
setup_map super_regions 1 4 2 1 3 5 4 1 5 3 6 0 7 3 8 5 9 1 10 1 11 4 12 3 13 1 14 3 15 1 16 2 17 1 18 2 19 3 20 1 21 4 22 1 23 2 24 1
setup_map regions 1 1 2 1 3 1 4 1 5 2 6 2 7 2 8 3 9 3 10 3 11 3 12 3 13 3 14 3 15 4 16 4 17 5 18 5 19 5 20 5 21 6 22 6 23 7 24 7 25 7 26 7 27 7 28 8 29 8 30 8 31 8 32 8 33 8 34 8 35 9 36 9 37 10 38 10 39 11 40 11 41 11 42 11 43 11 44 11 45 12 46 12 47 12 48 12 49 12 50 13 51 13 52 14 53 14 54 14 55 14 56 15 57 15 58 15 59 16 60 16 61 16 62 17 63 17 64 17 65 18 66 18 67 18 68 19 69 19 70 19 71 20 72 20 73 21 74 21 75 21 76 21 77 21 78 21 79 22 80 22 81 23 82 23 83 23 84 24 85 24 86 24
setup_map neighbors 1 5,17,19,2 2 19,4,3 3 4 4 45,50,51,24,19,23 5 18,17,6 6 18,7,8,21 7 8,21,10 8 10,9 9 15,11,10 10 12,21,11 11 14,15,13,35,36,12 12 37,21,31,14,36 13 15,39,35,16 14 36 15 16 16 39 17 18,19 18 20,22,28,19,21 19 23,20,24 20 28,25,23 21 22,30,31,29,28 22 28 23 25,50,24,51 25 26,27,52,51,68,28 26 28,33,27 27 33,68 28 29,32,33 29 30,32 30 32,31,62 31 34,63,62,37 32 62,33 33 69,62,70,68,54 34 37,56,57,63,73,75,74 35 39,36 36 37,39,41,56 37 38,56 38 56 39 40,42,41 40 41,44,42,43 41 58,56,44,42 44 80,58 45 47,48,46,51 46 47 47 65,60,49,48 48 51,49 49 51,71,52,53,65 50 51 51 52 52 68,53 53 71,68,55,72 54 70,85,76,69,55,68,86,64,84,62 55 84,81,68,72 56 58,79,57 57 73,79 58 80,79 59 60 60 66,61,65 61 66,65 62 64,63,74 63 74 64 74,76 65 71,66,67 67 71,81,72 68 69 69 70 71 72 72 81 73 75,79,77,74,78,80 74 77,76,75 76 77,86 77 78,86 79 80 81 82,83,84 83 84 84 86,85 85 86
setup_map wastelands 2 8 20 24 36 42 44 64 67 68 69 70
settings starting_regions 4 7 13 16 19 22 26 30 35 37 39 47 50 52 58 61 62 65 71 75 79 81 85
settings starting_pick_amount 10
