settings timebank 10000
settings time_per_move 500
settings max_rounds 130
settings your_bot player2
settings opponent_bot player1
setup_map super_regions 1 3 2 4 3 5 4 2 5 3 6 5 7 2 8 3 9 3 10 5 11 4
setup_map regions 1 1 2 1 3 1 4 2 5 2 6 2 7 2 8 2 9 2 10 3 11 3 12 3 13 3 14 3 15 4 16 4 17 4 18 4 19 5 20 5 21 5 22 6 23 6 24 6 25 6 26 6 27 6 28 6 29 7 30 7 31 7 32 7 33 8 34 8 35 8 36 8 37 9 38 9 39 9 40 9 41 9 42 10 43 10 44 10 45 10 46 10 47 10 48 10 49 11 50 11 51 11 52 11
setup_map neighbors 1 5,3,2,4 2 8,7,3,19,5,6,20 3 19 4 6,5 5 6 6 7,8 7 8 8 21,9,20 9 21 10 11,13,12 11 22,14,13 12 14,29,16,15,13 13 14 14 22,23,29,31 15 16 16 17,29 17 29,30,18 18 38 19 20 20 21,22 22 24,23,25 23 31,27,24,28 24 28,25,43 25 43,42,26 26 42 27 31,32,28 28 43,45,46 29 31,30 30 39,38,31,32 31 32 33 34,36,35,37 34 50,36,37,49 35 36 36 50 37 38,49 38 39,40,49 39 41,40 40 52,51,49,41 41 52 42 43,44 43 44,45,47,48,46 44 47 45 46 46 48 47 48 49 51,50 50 51 51 52
setup_map wastelands 8 24 27 31 47
settings starting_regions 3 7 12 15 20 25 29 36 37 46 49
settings starting_pick_amount 4
