settings timebank 10000
settings time_per_move 500
settings max_rounds 190
settings your_bot player1
settings opponent_bot player2
setup_map super_regions 1 4 2 2 3 1 4 4 5 3 6 4 7 3 8 4 9 1 10 0 11 1 12 1 13 2 14 5 15 4 16 6 17 5 18 5 19 1 20 0 21 1
setup_map regions 1 1 2 1 3 1 4 1 5 2 6 2 7 2 8 2 9 3 10 3 11 4 12 4 13 4 14 4 15 4 16 5 17 5 18 5 19 5 20 6 21 6 22 6 23 6 24 7 25 7 26 7 27 8 28 8 29 8 30 8 31 9 32 9 33 9 34 10 35 10 36 11 37 11 38 12 39 12 40 12 41 13 42 13 43 13 44 13 45 14 46 14 47 14 48 14 49 14 50 14 51 15 52 15 53 15 54 15 55 16 56 16 57 16 58 16 59 16 60 16 61 17 62 17 63 17 64 17 65 17 66 18 67 18 68 18 69 18 70 18 71 19 72 19 73 20 74 20 75 21 76 21
setup_map neighbors 1 3,2,20 2 8,4,3,7,31,5 3 4,20 4 36,22,31,32,20 5 6,7 6 9,13,7,27,8 7 8 8 28,29,33,32,31,27 9 13,10 10 11,13 11 24,12,26,17,16,13 12 14,38,19,17,26 13 25,24,34,28,27 14 15,40,55,38 15 55 16 17,18,19 17 19 20 22 21 22 22 36,37,23,61 24 25,26 25 26,34,39,51,35 26 38,39,40 27 28 28 41,29,34 29 41,30,33,42 30 33,45,42,43,48 31 32 32 33,45,36,37 33 45 34 41,35 35 51,42,41 36 37 37 45,61 38 40 39 57,51,40,56 40 56,55 41 42 42 66,44,43,51 43 69,49,44,68,48,66 45 46,47,61,48 46 61,47 47 64,49,50,72,48,61 48 49 49 69,50 50 69,76,72 51 52,66,53,57 52 66,54,67,53 53 54,57,60,56 54 70,60,67 55 59,58,56 56 57,58,60 58 60,59 60 73,70,74 61 62,63,64 62 65,63 63 64 64 71,72 66 67,68 67 70,68,69 68 69 69 75,76,70 70 75 71 72 73 74 75 76
setup_map wastelands 1 23 27 28 30 31 32 54 56 68
settings starting_regions 4 5 9 13 19 22 26 29 33 34 36 38 44 50 51 57 65 70 72 74 75
settings starting_pick_amount 6
