settings timebank 10000
settings time_per_move 500
settings max_rounds 105
settings your_bot player1
settings opponent_bot player2
setup_map super_regions 1 5 2 3 3 4 4 3 5 4 6 1 7 2 8 6 9 5
setup_map regions 1 1 2 1 3 1 4 1 5 1 6 1 7 2 8 2 9 2 10 3 11 3 12 3 13 3 14 3 15 4 16 4 17 4 18 4 19 4 20 5 21 5 22 5 23 5 24 5 25 6 26 6 27 6 28 7 29 7 30 7 31 7 32 8 33 8 34 8 35 8 36 8 37 8 38 9 39 9 40 9 41 9 42 9
setup_map neighbors 1 5,2 2 3,7,5 3 4,8,6,16,7 4 6 5 7,11,10 6 20,16 7 8,9,11,15,16 9 16,15 10 11,12,13,17,14 11 13,15,17 13 17 14 25,17 15 17,16,19,18 16 18,20 17 25,19 18 20,32,29,22,28,19 19 28,25 20 21,22 21 22 22 23,24,32 23 33,24 24 33,34,32 25 26,28,38,27,30 26 38 27 30,38 28 31,29,30 29 34,37,41,32,39,31,30 30 39,40,38 32 34 33 36,35,34 34 35,37,36,41 37 41 38 40 39 41,40 40 41,42 41 42
setup_map wastelands 1 8 14 30
settings starting_regions 5 7 11 19 20 26 28 34 39
settings starting_pick_amount 4
