settings timebank 10000
settings time_per_move 500
settings max_rounds 140
settings your_bot player1
settings opponent_bot player2
setup_map super_regions 1 2 2 3 3 3 4 5 5 3 6 5 7 3 8 4 9 3 10 2 11 5
setup_map regions 1 1 2 1 3 1 4 1 5 2 6 2 7 2 8 2 9 3 10 3 11 3 12 3 13 3 14 4 15 4 16 4 17 4 18 4 19 4 20 5 21 5 22 5 23 5 24 5 25 5 26 6 27 6 28 6 29 6 30 6 31 6 32 6 33 7 34 7 35 7 36 7 37 8 38 8 39 8 40 8 41 8 42 9 43 9 44 9 45 9 46 9 47 10 48 10 49 10 50 10 51 10 52 11 53 11 54 11 55 11 56 11
setup_map neighbors 1 2,5,7 2 3,4,7 3 10,4,7,8,9 4 10,11 5 6,7,8 7 8 8 9 9 10,12 10 12,11 11 12,13 12 16,13 13 26,27 14 15 15 18,33,34,43,17,35 16 27,17,19,42 17 18,19 18 19,43 19 42,43 20 21,22 21 33,22,35,23 22 24,23 23 36,35,25,24 24 25 26 31,30,28,29,27 27 29,32,42,44 28 30 29 31,32,44,55 30 52,54,53,31 31 55,54 32 44 33 35 34 35,43 35 36,43 37 38,39,40 38 47,41,40 39 40 40 41 41 49,47 42 43,44 43 45,44 44 55,45 45 46 47 48,49 48 50,49 49 51,50 50 53,51 51 53 52 53 53 54,56 54 55,56 55 56
setup_map wastelands 1 4 30 34 49
settings starting_regions 3 8 10 16 20 27 33 38 45 47 55
settings starting_pick_amount 5
