settings timebank 10000
settings time_per_move 500
settings max_rounds 172
settings your_bot player2
settings opponent_bot player1
setup_map super_regions 1 5 2 4 3 2 4 4 5 6 6 4 7 5 8 2 9 1 10 4 11 4 12 2 13 3 14 2 15 1
setup_map regions 1 1 2 1 3 1 4 1 5 1 6 1 7 2 8 2 9 2 10 2 11 2 12 2 13 3 14 3 15 3 16 3 17 4 18 4 19 4 20 4 21 4 22 5 23 5 24 5 25 5 26 5 27 5 28 5 29 6 30 6 31 6 32 6 33 6 34 7 35 7 36 7 37 7 38 7 39 7 40 7 41 8 42 8 43 8 44 8 45 9 46 9 47 9 48 10 49 10 50 10 51 10 52 11 53 11 54 11 55 11 56 12 57 12 58 12 59 13 60 13 61 13 62 13 63 14 64 14 65 14 66 14 67 15 68 15 69 15
setup_map neighbors 1 6,2 2 3,4,6 3 7,5,4 4 6,9,5 5 7,9 6 9,12 7 8,9,10 8 10,11 9 10,12 10 12,11 11 12 12 34,14 13 14,16,15 14 34,35,16 15 16 16 56,46,35,45 17 19,20,18,21 18 20,19,42,43 19 20 20 21,64,43,63 21 64 22 24,31,32,26 23 25,41 25 27,59,41,26 26 32,28,67,27,33,53 27 28,59 28 68,67,59 29 30,31 30 49,52,31,33 31 33,32 32 33 33 52,53 34 36,35 35 56,37,36 36 39,37,40,38 37 38,56,39 38 40,57,56,39 41 42,44,59,60 42 44,43 43 63,44 44 60,65,63 45 46,48,50 46 56,51,50,58,47 47 54,51,58,57 48 49,52,50,54 49 52 50 51,54 51 54 52 55,54,53 53 67,55,69 54 55 56 57,58 57 58 59 68,61,60 60 65,61 61 62,65 62 65 63 64,65,66 64 66 65 66 67 68,69
setup_map wastelands 14 21 22 25 26 43 67
settings starting_regions 3 10 16 18 28 29 38 41 47 51 52 57 60 66 69
settings starting_pick_amount 6
