settings timebank 10000
settings time_per_move 500
settings max_rounds 147
settings your_bot player1
settings opponent_bot player2
setup_map super_regions 1 4 2 6 3 4 4 2 5 1 6 2 7 5 8 5 9 3 10 1 11 1 12 2
setup_map regions 1 1 2 1 3 1 4 1 5 1 6 1 7 1 8 2 9 2 10 2 11 2 12 2 13 2 14 2 15 3 16 3 17 3 18 3 19 3 20 3 21 4 22 4 23 4 24 4 25 5 26 5 27 5 28 5 29 6 30 6 31 6 32 6 33 7 34 7 35 7 36 7 37 7 38 7 39 7 40 8 41 8 42 8 43 8 44 8 45 9 46 9 47 9 48 9 49 9 50 10 51 10 52 10 53 10 54 11 55 11 56 11 57 12 58 12 59 12
setup_map neighbors 1 3,2,11 2 6,3 3 5,6,4,29,7,11,12 4 12,5 5 29,12,27,34 6 40,7 7 29,30,40 8 9,12,11 9 10,13,14,12 10 14,25 11 12 12 13,14 15 19,25,16 16 19,18,17 17 21,18 18 19,21,20 19 20,26,25 20 26,33 21 22,23,24 22 23 23 24 25 26 26 27 27 28,33 29 30 30 31,42,40,41 31 50,32,42,55 32 55 33 45,34 34 45,35 35 36,45,37,39,38 36 51 37 46,45,58,39,57,59 38 39 39 58 40 41 41 42,43,44 42 43,55,54,44 44 55,54 45 46 46 47,49,48,57 47 48 49 57 50 52,53,55 51 52,53 52 53 53 56,55 54 55 55 56 57 59 58 59
setup_map wastelands 8 27 35 45 57
settings starting_regions 5 12 20 24 28 32 33 42 47 52 54 58
settings starting_pick_amount 3
