settings timebank 10000
settings time_per_move 500
settings max_rounds 155
settings your_bot player1
settings opponent_bot player2
setup_map super_regions 1 2 2 5 3 6 4 2 5 3 6 2 7 3 8 3 9 3 10 2 11 5 12 1 13 5
setup_map regions 1 1 2 1 3 1 4 1 5 1 6 2 7 2 8 2 9 2 10 2 11 2 12 2 13 3 14 3 15 3 16 3 17 3 18 3 19 3 20 4 21 4 22 4 23 4 24 4 25 5 26 5 27 5 28 6 29 6 30 6 31 7 32 7 33 7 34 8 35 8 36 8 37 8 38 8 39 8 40 9 41 9 42 9 43 9 44 9 45 10 46 10 47 10 48 10 49 11 50 11 51 11 52 11 53 11 54 12 55 12 56 12 57 13 58 13 59 13 60 13 61 13 62 13
setup_map neighbors 1 2,3 2 8,6,3 3 4,11,5,8 4 8,11 6 9,7,8 7 9,10 8 12,9,11 9 12,22 10 22 11 12,40 12 41 13 16,15,18 14 17,16 15 18,21,19,25 16 18,17,29,28,19 17 29,31 18 19 19 28,25,30 20 21,22 21 25,23,22 22 24,23 23 25,24 24 25,26,54,42 25 30,26 26 30,27,32,50 27 32,49,50 28 30,32,31,29 29 31 30 32 31 34,32 32 34,33,49 33 35,49,34 34 35,36 35 37,38,49 37 38,51,49 38 39,51 40 41,45,46,42 41 42 42 45,43 43 44,45 44 46,58,45,54,59,57 45 46 46 47,57 47 57,61,60,48 49 51,52,50 50 52 51 53,52 54 59,55 55 56,59 56 59 57 58,61 58 59,61 59 62,61 60 61 61 62
setup_map wastelands 15 26 33 42 51 57
settings starting_regions 3 7 16 23 25 30 31 37 44 46 52 55 58
settings starting_pick_amount 6
