settings timebank 10000
settings time_per_move 500
settings max_rounds 132
settings your_bot player1
settings opponent_bot player2
setup_map super_regions 1 4 2 6 3 3 4 5 5 3 6 4 7 2 8 5 9 2 10 3 11 1
setup_map regions 1 1 2 1 3 1 4 1 5 1 6 2 7 2 8 2 9 2 10 2 11 2 12 3 13 3 14 3 15 3 16 3 17 3 18 4 19 4 20 4 21 4 22 4 23 4 24 5 25 5 26 5 27 5 28 6 29 6 30 6 31 6 32 7 33 7 34 7 35 8 36 8 37 8 38 8 39 8 40 8 41 9 42 9 43 9 44 9 45 9 46 10 47 10 48 10 49 10 50 10 51 11 52 11 53 11
setup_map neighbors 1 2,4 2 4,3,19,5 3 19,18 4 20,5 5 19,20 6 9,25,24,7,8,10 7 8,12 8 12,11,10,16 9 10,28,25 10 11,28 11 17,16,37,28,31 12 13,15,16 13 14,15,35 15 35,36,17,16 16 17 17 36 18 24,19 19 24,26,21,20 20 21,22,33,34 21 26,22 22 23,34,26 24 25,26 25 28,27,26 26 29,30,27 27 28,29 28 29,31,30 29 30 30 31 32 33 33 34 35 44,38,36,41 36 37,46,38,47 38 44,40,48,47,39 39 44,40 40 52,48,51,53,50 41 44,42,43 42 44,43 43 44 44 45 46 47 47 48,50,49 48 50 49 50 50 53 51 52 52 53
setup_map wastelands 12 31 41 50
settings starting_regions 4 7 16 21 24 30 33 39 45 49 53
settings starting_pick_amount 5
