settings timebank 10000
settings time_per_move 500
settings max_rounds 152
settings your_bot player1
settings opponent_bot player2
setup_map super_regions 1 4 2 6 3 2 4 1 5 3 6 4 7 5 8 3 9 5 10 1 11 4 12 6 13 1
setup_map regions 1 1 2 1 3 1 4 1 5 2 6 2 7 2 8 2 9 2 10 2 11 2 12 3 13 3 14 3 15 4 16 4 17 4 18 4 19 5 20 5 21 5 22 5 23 5 24 6 25 6 26 6 27 6 28 6 29 6 30 7 31 7 32 7 33 7 34 7 35 8 36 8 37 8 38 8 39 8 40 9 41 9 42 9 43 9 44 9 45 10 46 10 47 10 48 11 49 11 50 11 51 11 52 11 53 12 54 12 55 12 56 12 57 12 58 12 59 13 60 13 61 13
setup_map neighbors 1 3 2 3,21,19,22 3 4,19 4 20,24,22,19 5 7,14,8,13,12,10,30 6 7 7 30 8 12,9,14,10 9 11,37,31,10,12 10 30,31 11 31,49,48,39,37 12 13,14 15 17 16 17 17 21,22,23,18 19 22 20 25,22,24 21 22 22 25,27,23 23 26,27 24 40,25 25 27,40 26 29,28,27,38 27 41,29,28,42,40 28 29 29 42 30 34,31,33 31 34,48,33 32 33 33 50,48,34 35 36,37,53 36 38,54,53 37 39,53 38 59,54 39 49,55,53,56 40 45,41,43 41 43,42 42 44,43 43 45,44,46 45 46,47 46 47 48 49,51,50 49 56,52,51 50 51 51 52 52 56 53 55,54 54 59,57,61,55 55 56,58,57 56 58 57 58,61 59 60,61
setup_map wastelands 8 9 16 24 31 48
settings starting_regions 1 11 14 18 23 27 34 38 41 46 52 53 59
settings starting_pick_amount 6
