settings timebank 10000
settings time_per_move 500
settings max_rounds 127
settings your_bot player1
settings opponent_bot player2
setup_map super_regions 1 3 2 4 3 5 4 3 5 4 6 2 7 6 8 4 9 3 10 3
setup_map regions 1 1 2 1 3 1 4 1 5 2 6 2 7 2 8 2 9 2 10 3 11 3 12 3 13 3 14 3 15 4 16 4 17 4 18 4 19 4 20 5 21 5 22 5 23 5 24 5 25 5 26 6 27 6 28 6 29 7 30 7 31 7 32 7 33 7 34 7 35 8 36 8 37 8 38 8 39 8 40 8 41 9 42 9 43 9 44 9 45 9 46 9 47 10 48 10 49 10 50 10 51 10
setup_map neighbors 1 15,3,2,4 3 4 4 15,16,17 5 7,8,21 6 9,26,7 7 28,9,26,8,36,29,35 8 23,29,21 9 26 10 11,26,12 11 13,26,14,27,12,37,35,16 13 16,18,14 14 37 15 16 16 18,17,19 17 19,41 18 19 19 43,42,41 20 23,25,22,24,21 21 23 22 24 23 25,29 24 25,30 25 29,30 26 27,28 27 35,28 28 35 29 33,34,32,30,36 30 47,32,31,48 32 47,34 33 36 34 36,47,50 35 38,37,36,40 36 38 37 40 38 40,39 39 40 41 43,44,46 42 43,45 43 46,45 44 46 45 46 47 48,50 48 51,49,50 49 51 50 51
setup_map wastelands 3 31 38
settings starting_regions 2 6 10 18 23 26 29 39 41 51
settings starting_pick_amount 5
