settings timebank 10000
settings time_per_move 500
settings max_rounds 117
settings your_bot player2
settings opponent_bot player1
setup_map super_regions 1 6 2 1 3 2 4 2 5 4 6 4 7 4 8 5 9 6
setup_map regions 1 1 2 1 3 1 4 1 5 1 6 1 7 2 8 2 9 2 10 2 11 3 12 3 13 3 14 3 15 4 16 4 17 4 18 4 19 5 20 5 21 5 22 5 23 5 24 5 25 6 26 6 27 6 28 6 29 7 30 7 31 7 32 7 33 7 34 7 35 8 36 8 37 8 38 8 39 8 40 8 41 8 42 9 43 9 44 9 45 9 46 9 47 9
setup_map neighbors 1 2,7 2 10,7,3,4,11,5 3 4,6,19 4 5,6 5 11,12,6,13,21 6 20,19,21 7 10,8 8 9,11,10 9 11 10 11 11 13,12 12 13 13 14,21,27 14 21,37 15 16,17 16 29,18,17 17 18,26,29,30,36,35 18 29 19 20 20 24,22,21,23 21 23,22 22 23 23 24 25 26,35,28,27 26 35 27 28 28 37,35,38 29 31,30 30 32,39,33,31,36,34 32 43,39,33 33 43,44,47,34 34 44 35 38,36,39 36 39 37 40,38 38 42,39,40,41 39 43,42 40 41 41 45,42 42 45,43,46 43 46,47 44 47 45 46 46 47
setup_map wastelands 23 29 31 35
settings starting_regions 6 10 14 17 19 26 32 36 43
settings starting_pick_amount 4
