settings timebank 10000
settings time_per_move 500
settings max_rounds 200
settings your_bot player1
settings opponent_bot player2
setup_map super_regions 1 1 2 1 3 7 4 6 5 4 6 1 7 2 8 4 9 5 10 3 11 4 12 3 13 2 14 3 15 4 16 2 17 1 18 5
setup_map regions 1 1 2 1 3 1 4 2 5 2 6 2 7 3 8 3 9 3 10 3 11 3 12 3 13 3 14 4 15 4 16 4 17 4 18 4 19 4 20 5 21 5 22 5 23 5 24 5 25 6 26 7 27 7 28 7 29 7 30 7 31 7 32 8 33 8 34 8 35 8 36 8 37 9 38 9 39 9 40 9 41 9 42 9 43 10 44 10 45 10 46 10 47 11 48 11 49 11 50 11 51 11 52 12 53 12 54 12 55 12 56 13 57 13 58 13 59 13 60 14 61 14 62 14 63 14 64 15 65 15 66 15 67 15 68 15 69 16 70 16 71 16 72 17 73 17 74 17 75 17 76 18 77 18 78 18 79 18 80 18
setup_map neighbors 1 4,2,8,14,3 2 3,14 3 14 4 5,6,8 5 6,7,8,9 6 8 7 9,10 8 12,17,14,11,9 9 10,11,20,22 11 22,12,13,20 12 17,13,18 13 18,20 14 16,17,15 15 16 16 18,19,47,17 17 18 18 19 19 50,48 20 21,22,23 21 27,23,25 23 52,27,24 24 27,52 25 27 26 28,29 27 28,31,52 28 30,29,31 29 56,30 30 56,31,52,57 31 52 32 43,33,34,35 33 43 34 44,43,36,45,35 35 36 36 60,45 37 40,39,38,41,48 38 48 40 41,64,42,60,65 41 48,64 42 65,64 43 44 44 78,76,46,45,77 45 61,76,62,60 46 77 47 48 48 51,49,50,69,64 49 69,51,50,70 52 55,57,54,58 53 54 54 58 55 57,58 56 57,72,73,74 57 72,58 58 73,59,72 60 65,62 61 62,63,76 62 65,63,68 63 68,80,76 64 65,69,67 65 66,68,67 66 67 67 69,71 69 70,71 70 71 72 73 73 74,75 74 75 76 79,78,77,80 77 78,79 79 80
setup_map wastelands 24 27 33 34 35 39 42 43 46
settings starting_regions 3 6 7 17 22 25 30 32 37 44 50 55 57 60 68 69 74 80
settings starting_pick_amount 7
