settings timebank 10000
settings time_per_move 500
settings max_rounds 170
settings your_bot player1
settings opponent_bot player2
setup_map super_regions 1 4 2 5 3 2 4 4 5 2 6 5 7 1 8 1 9 6 10 1 11 4 12 3 13 3 14 6 15 3
setup_map regions 1 1 2 1 3 1 4 1 5 1 6 2 7 2 8 2 9 2 10 2 11 2 12 3 13 3 14 3 15 3 16 4 17 4 18 4 19 4 20 4 21 4 22 5 23 5 24 5 25 5 26 6 27 6 28 6 29 6 30 6 31 7 32 7 33 7 34 8 35 8 36 8 37 9 38 9 39 9 40 9 41 9 42 9 43 10 44 10 45 10 46 11 47 11 48 11 49 11 50 12 51 12 52 12 53 12 54 13 55 13 56 13 57 13 58 14 59 14 60 14 61 14 62 14 63 14 64 15 65 15 66 15 67 15 68 15
setup_map neighbors 1 26,2 2 26,3,4 3 6,4 4 5,28,47,11,46,6,29,49,26 5 44,28,47,54,55 6 11,7 7 10,8,11,46,14 8 9,10 9 12,13,14,10 10 14 11 46 12 15,13 13 15,14 14 15,48 15 35 16 18,23,19,22,38,25,37,17 17 18,37,34 19 25,38,20,37 20 40,37,25,33,21,31 21 40,42 22 23 23 25,31,24 24 31,32,33 25 31 26 27,29,28 27 28,43 28 29,44,30,43 30 44,43 31 33 32 33 34 37,35 35 37,36 36 37,39,51 37 39,38,40 39 40,41 40 42,41 41 42 43 44 44 45,54 46 50,49,47,48,51 47 49,50,55 50 51,52,55 51 52,53 52 53,57,55 53 57 54 55,58 55 56,58,57 56 57,58 58 64,59,60 59 61,63,67,60,64,62 60 61 61 62 63 67,68 64 65,67 65 66,67 66 67,68 67 68
setup_map wastelands 22 28 31 43 52 63
settings starting_regions 2 9 15 20 23 26 32 34 37 44 48 51 55 59 67
settings starting_pick_amount 7
