settings timebank 10000
settings time_per_move 500
settings max_rounds 182
settings your_bot player1
settings opponent_bot player2
setup_map super_regions 1 5 2 2 3 1 4 1 5 5 6 3 7 4 8 5 9 1 10 4 11 3 12 0 13 1 14 1 15 3 16 3 17 3 18 4 19 2
setup_map regions 1 1 2 1 3 1 4 1 5 1 6 2 7 2 8 2 9 2 10 3 11 3 12 3 13 4 14 4 15 5 16 5 17 5 18 5 19 5 20 6 21 6 22 6 23 6 24 7 25 7 26 7 27 7 28 7 29 8 30 8 31 8 32 8 33 8 34 8 35 8 36 9 37 9 38 10 39 10 40 10 41 10 42 10 43 10 44 11 45 11 46 11 47 11 48 11 49 12 50 12 51 13 52 13 53 14 54 14 55 15 56 15 57 15 58 15 59 16 60 16 61 16 62 16 63 17 64 17 65 17 66 18 67 18 68 18 69 18 70 19 71 19 72 19 73 19
setup_map neighbors 1 2,20,24 2 3,5,24 3 4,25,6,13,5 4 14,25,13 5 25,24 6 7,13,9 7 9,10,8 8 10,17,11 9 10,12,14,38,40,13 10 11,12 11 17,12,39 12 39,38 13 14 14 25,40 15 16,17 16 29,17,30 17 19,18,30,39 18 39,19,33 19 30,33 20 21,24,26,22 21 22,37,36 22 44,45,37,26,27,23 23 44,27 24 25,26 25 27,40,28,26 26 27 27 28,44 28 40,49,44 29 31,30 30 32,34,33,31 31 32 32 55,35,33,34 33 51,35,60,39,34 35 57,55,56,60 36 37 37 45 38 40,54,53,39,42,41 39 41,51 40 49,42 41 54,52,51,59 42 43,54,61,49,50,53,48 43 61,66,48,68,69 44 46,50,45,48,49 45 46,63,47,48,64 46 48 48 66,50,64,67 49 50 51 60,52,59 53 54 54 61,59 55 57,56,58 56 72,62,57,58,60 59 61,60 60 62,71,70,61,72 61 70,68 62 72 63 65,64 64 65,67 65 67 66 69,67 68 69,70 70 71,73 71 72,73
setup_map wastelands 4 18 23 25 26 45 51 59
settings starting_regions 1 6 12 13 16 20 27 33 37 40 47 49 52 54 56 60 63 69 72
settings starting_pick_amount 8
