settings timebank 10000
settings time_per_move 500
settings max_rounds 125
settings your_bot player1
settings opponent_bot player2
setup_map super_regions 1 3 2 3 3 2 4 6 5 3 6 3 7 6 8 5 9 3 10 3
setup_map regions 1 1 2 1 3 1 4 1 5 2 6 2 7 2 8 2 9 2 10 2 11 3 12 3 13 3 14 3 15 3 16 4 17 4 18 4 19 4 20 4 21 4 22 5 23 5 24 5 25 5 26 6 27 6 28 6 29 6 30 7 31 7 32 7 33 7 34 7 35 7 36 8 37 8 38 8 39 8 40 8 41 8 42 8 43 9 44 9 45 9 46 9 47 9 48 10 49 10 50 10
setup_map neighbors 1 5,2,3,4,7 2 26 3 4,7,8,9 4 9,29 5 6,7 6 7,10,9,8 7 8 8 9 9 10 11 12,17 12 13,17,19 13 14,19 14 43,15,21,19 15 21,19 16 18,17,19,31,20 17 19 18 31 19 20,21 20 31,21 21 31,45,34,43 22 26,23,30 23 24,37,26,27,30,29 24 29,25,48,37 25 29,49,50,48 26 27,28 27 29 28 29 30 36,32,37,38 31 33,44,34,32 32 33 33 35,44,41 34 46,45,44 35 39,41,38 36 37 37 48,38 38 48,40,39 39 41,40 40 48,42,41 41 44,46,42 42 48 43 45,47 44 46 45 47,46 48 49 49 50
setup_map wastelands 3 15 16 26 49
settings starting_regions 2 8 11 17 24 27 33 41 44 48
settings starting_pick_amount 4
