settings timebank 10000
settings time_per_move 500
settings max_rounds 182
settings your_bot player2
settings opponent_bot player1
setup_map super_regions 1 1 2 5 3 6 4 3 5 4 6 3 7 1 8 5 9 2 10 4 11 4 12 2 13 4 14 4 15 2 16 4
setup_map regions 1 1 2 1 3 1 4 1 5 2 6 2 7 2 8 2 9 2 10 2 11 3 12 3 13 3 14 3 15 3 16 3 17 4 18 4 19 4 20 4 21 4 22 5 23 5 24 5 25 5 26 5 27 6 28 6 29 6 30 6 31 6 32 6 33 7 34 7 35 7 36 8 37 8 38 8 39 8 40 8 41 9 42 9 43 9 44 10 45 10 46 10 47 10 48 11 49 11 50 11 51 11 52 11 53 12 54 12 55 12 56 13 57 13 58 13 59 13 60 14 61 14 62 14 63 14 64 14 65 14 66 15 67 15 68 15 69 15 70 16 71 16 72 16 73 16
setup_map neighbors 1 4,3,2 2 3 3 4,27 4 29,27 5 9,6 6 8,7,11,9 7 9,8 8 12,11,33,34,10,9,14 9 10 10 34,21 11 12 12 14,13 13 14 14 33,15,16,22,23 15 16,23,25,44 16 34,33,35,44 17 20,18,19,36,37 19 38,20,21 20 38,37 21 38,40,42 22 23 23 25,24 24 25 25 26,44,47,46 27 28,36,29 29 30,31,36 30 31,36 31 32 33 34 34 41,48,35 35 48 36 37,39 37 38,39,40,53 38 40 39 53,54 40 53,56 41 48,42,50,43 42 43 43 50,51 44 49,46,52,45 45 48,49 46 52,47 48 50,49,60,51 49 60,52 50 51 51 60,63 52 61,60 53 55,57,70,54,71 54 70 55 71 56 57,58,59 57 59,71 58 73,59 59 73,71 60 65,63,64,61 61 65 62 63,64 63 64 66 70,67 67 68,70,69,72 68 70 70 71,72 71 72,73 72 73
setup_map wastelands 9 15 19 38 39 46
settings starting_regions 1 8 12 21 24 28 34 40 43 47 49 54 56 62 68 71
settings starting_pick_amount 6
