settings timebank 10000
settings time_per_move 500
settings max_rounds 137
settings your_bot player1
settings opponent_bot player2
setup_map super_regions 1 6 2 4 3 3 4 2 5 4 6 4 7 2 8 5 9 4 10 3 11 1 12 3
setup_map regions 1 1 2 1 3 1 4 1 5 1 6 1 7 1 8 2 9 2 10 2 11 2 12 3 13 3 14 3 15 3 16 3 17 4 18 4 19 4 20 4 21 4 22 5 23 5 24 5 25 5 26 6 27 6 28 6 29 6 30 7 31 7 32 7 33 7 34 8 35 8 36 8 37 8 38 8 39 9 40 9 41 9 42 9 43 10 44 10 45 10 46 10 47 11 48 11 49 11 50 11 51 12 52 12 53 12 54 12 55 12
setup_map neighbors 1 2,3 2 9,8,4,3 3 4,6 4 7,5,9,8,6 5 7,11,8,10 6 7 8 9,10,22,25 10 11,25 11 25 12 13,15,14,16,31,32 13 19,15,17 14 16,30,28 15 19,32 16 31,30 17 18,20,19,21 18 21 19 20,21,32 20 21 21 32 22 23,24,25 23 24,26 24 29,25 26 29,27 27 28,29 28 34,30,29 29 34 30 39,34,33,31,32 31 32 32 40,33,41,39 33 39 34 35,36,39 35 39,37,38,36 36 44,43,38 37 38,39,42 38 51,45,44 39 41 40 41,42 41 42 43 44 44 48,45,46,47 45 52,53,46,51 46 53,48 47 48,49,50 48 50,53 49 50 50 53 51 52,54 52 54,55,53 53 55 54 55
setup_map wastelands 5 6 27 31 36 41
settings starting_regions 3 9 16 21 24 28 30 34 40 44 49 54
settings starting_pick_amount 4
