settings timebank 10000
settings time_per_move 500
settings max_rounds 160
settings your_bot player1
settings opponent_bot player2
setup_map super_regions 1 4 2 3 3 6 4 4 5 6 6 4 7 2 8 5 9 4 10 4 11 7 12 2 13 2
setup_map regions 1 1 2 1 3 1 4 1 5 1 6 1 7 2 8 2 9 2 10 2 11 3 12 3 13 3 14 3 15 3 16 3 17 4 18 4 19 4 20 4 21 5 22 5 23 5 24 5 25 5 26 5 27 5 28 6 29 6 30 6 31 6 32 6 33 7 34 7 35 7 36 7 37 8 38 8 39 8 40 8 41 8 42 9 43 9 44 9 45 9 46 9 47 10 48 10 49 10 50 10 51 11 52 11 53 11 54 11 55 11 56 11 57 11 58 12 59 12 60 12 61 13 62 13 63 13 64 13
setup_map neighbors 1 3,2,5 2 7,8,3 3 4,5,8 4 6,5,9,8 5 6 6 35,34,9,33 7 13,9,8,11 8 9 9 13,14,10,33 10 14,33,15,34 11 12,13 12 28,13,15,16 13 14,15 14 15 15 16 16 29,31,30 17 18,19,29,20,21,25 18 29 19 32,29,25,20 20 25 21 22,25 22 24,26,25 23 27,26,24 24 26 25 32,26,38 26 27,37,38 27 37 28 29,30 29 30,31,32 31 32 32 38,44,42 33 34 34 36,35 35 36 37 39,38 38 39,44 39 40,41,44 40 50 41 44,50 42 43,44,45,46 44 45 47 53,48,49 48 52,53 49 50,54,55,53 50 55 51 52 52 56,53,57 53 56,54 54 56,55 55 56,60,58,59,61,62 56 57,61 57 61,64,63 58 59 59 60 60 62 61 62,63 62 63 63 64
setup_map wastelands 38 40 54 56 57 64
settings starting_regions 4 7 16 20 24 29 36 37 43 49 51 60 61
settings starting_pick_amount 5
