settings timebank 10000
settings time_per_move 500
settings max_rounds 190
settings your_bot player2
settings opponent_bot player1
setup_map super_regions 1 5 2 2 3 4 4 3 5 5 6 5 7 2 8 5 9 5 10 5 11 2 12 5 13 6 14 6 15 3
setup_map regions 1 1 2 1 3 1 4 1 5 1 6 1 7 2 8 2 9 2 10 3 11 3 12 3 13 3 14 3 15 3 16 4 17 4 18 4 19 4 20 5 21 5 22 5 23 5 24 5 25 5 26 6 27 6 28 6 29 6 30 6 31 7 32 7 33 7 34 7 35 7 36 8 37 8 38 8 39 8 40 8 41 9 42 9 43 9 44 9 45 9 46 10 47 10 48 10 49 10 50 10 51 10 52 11 53 11 54 11 55 12 56 12 57 12 58 12 59 12 60 12 61 13 62 13 63 13 64 13 65 13 66 13 67 14 68 14 69 14 70 14 71 14 72 14 73 15 74 15 75 15 76 15
setup_map neighbors 1 2,36 2 3,6,37,36 3 4,5,6,7 4 37,5,9,39,6 5 7,9,8 6 37 7 8 8 10,9 9 10,13,39 10 12,11,13,15,14 11 12,26 12 29,46,15,30,26 13 14,39 14 15,39,55,56,57 15 55,46 16 26,27,17 17 18,19,27,20,28 18 20,23,25,19 19 25,54,28 20 21,23 21 22,23 22 41,23,24,25 23 25 24 42,41 25 53,52,41,54 26 28,29,27,30 27 28 28 30 30 49,48,46 31 33,32 32 42,34,33 33 35,34 34 45,42,67,35 35 67 36 37,38 37 38,39,40,56 39 40 41 43,42,52,44 42 43,45 43 45,67,62,63,61,44 44 52 45 67 46 48,47,55 47 55,48,58,51 48 49,50,51 49 50 51 58 52 61,54,53 53 54 54 61 55 57,58 56 57,59 57 58,60,59 61 65,63 62 67,63 63 66,65,64,67 64 67,66 65 73,66 66 73,74,70,67 67 69,68,70 68 70,69,71 69 70 70 74,72,71 72 74 73 74,75 74 75,76 75 76
setup_map wastelands 17 35 41 52 62 66 70
settings starting_regions 1 8 10 16 22 30 31 40 42 46 53 60 61 68 76
settings starting_pick_amount 6
