settings timebank 10000
settings time_per_move 500
settings max_rounds 122
settings your_bot player2
settings opponent_bot player1
setup_map super_regions 1 5 2 2 3 4 4 4 5 5 6 2 7 1 8 4 9 1 10 4
setup_map regions 1 1 2 1 3 1 4 1 5 1 6 1 7 2 8 2 9 2 10 2 11 3 12 3 13 3 14 3 15 3 16 4 17 4 18 4 19 4 20 4 21 4 22 5 23 5 24 5 25 5 26 5 27 5 28 6 29 6 30 6 31 7 32 7 33 7 34 7 35 8 36 8 37 8 38 8 39 8 40 9 41 9 42 9 43 9 44 10 45 10 46 10 47 10 48 10 49 10
setup_map neighbors 1 4,3 2 3 3 6,8,10,5,4 4 5 5 31,17,6 6 16,17,10,18,21 7 8,9 8 11,9,16,10 9 12,11,13 10 16 11 14,16,20,12,13 12 13 13 28,14,30 14 40,15,30,20 15 30,40 16 19,18,20 17 21,32,31 18 21,19,20 19 20 20 41,40,21 21 34,32,33 22 24,23 23 25,24 24 35,36,25 25 36,35,26 26 45,36,44,27 27 36,44,37 28 30,29 29 30,36 31 33,32 32 33 33 34 35 36 36 37 37 38,46,39,44,42 38 44,46 39 46 40 41,43,42 41 43,42 42 43 44 45,47,46 45 48,47 46 47,49,48 47 48 48 49
setup_map wastelands 31 37 38 43 44
settings starting_regions 6 7 13 21 26 29 34 36 41 49
settings starting_pick_amount 5
