settings timebank 10000
settings time_per_move 500
settings max_rounds 132
settings your_bot player2
settings opponent_bot player1
setup_map super_regions 1 6 2 3 3 4 4 4 5 2 6 1 7 4 8 3 9 3 10 3 11 2 12 5
setup_map regions 1 1 2 1 3 1 4 1 5 1 6 1 7 2 8 2 9 2 10 2 11 3 12 3 13 3 14 3 15 4 16 4 17 4 18 4 19 4 20 5 21 5 22 5 23 5 24 6 25 6 26 6 27 7 28 7 29 7 30 7 31 7 32 7 33 7 34 8 35 8 36 8 37 8 38 8 39 9 40 9 41 9 42 10 43 10 44 10 45 11 46 11 47 11 48 11 49 12 50 12 51 12 52 12 53 12
setup_map neighbors 1 15,2 2 15,3,4 3 4 4 25,6,5,34,24,36,15 5 15,34,16 6 36,34 7 10,8,9,20 8 11,9 9 20,11,14,21,22,23 10 20,27 11 13,14,12 12 13 13 14 14 22,39,40 15 16 16 18,34,36,17 18 37,35,36,19 19 35 20 29,21,28,27 21 29,22 22 23,41,42,29,39 24 25 25 26,36 26 36,49,45 27 31,28,32,30 28 29,32 29 33,32,42 30 31,35 31 35 33 42 34 36 35 37,38,47 36 45,37 37 45,47,46 38 50,47 39 41,40 40 41 41 42,43 42 43,44 45 46,49,48,51,50 46 50,47 47 50 48 51 49 51 50 53,51 51 52,53
setup_map wastelands 1 6 7 9 16 37
settings starting_regions 4 8 13 18 21 24 30 36 39 43 48 50
settings starting_pick_amount 6
