settings timebank 10000
settings time_per_move 500
settings max_rounds 127
settings your_bot player1
settings opponent_bot player2
setup_map super_regions 1 5 2 2 3 6 4 2 5 6 6 2 7 5 8 3 9 4 10 6
setup_map regions 1 1 2 1 3 1 4 1 5 1 6 1 7 1 8 2 9 2 10 2 11 3 12 3 13 3 14 3 15 3 16 3 17 4 18 4 19 4 20 4 21 5 22 5 23 5 24 5 25 5 26 5 27 6 28 6 29 6 30 6 31 7 32 7 33 7 34 7 35 7 36 8 37 8 38 8 39 8 40 8 41 9 42 9 43 9 44 9 45 9 46 10 47 10 48 10 49 10 50 10 51 10
setup_map neighbors 1 4,3,2 2 3,31,8 3 31,5,4,33,6 4 5 5 7,6 6 7,34,33,35 8 10,31 9 10 10 32,31,12,14 11 12 12 14,20,17,15 13 18,24,41,23,15,16 14 15 15 16,18,20 17 18,20 18 19,23,20 19 21,23 21 22,23 22 27,23,26,25,24 23 24 24 26,41,42 25 36,27,26,43,37 26 43,42 27 28,30,36 28 29,30 29 30 30 36 31 32,34,33 32 34 33 34 34 35 36 39,37,38 37 43,38,46 38 46,49,39,51,40 39 40 41 42,44 42 43,45,44,47 43 46,45 44 47,50 45 47,46 46 48,49,47 47 51,50,48,49 49 51 50 51
setup_map wastelands 4 17 28 41
settings starting_regions 2 10 13 20 21 29 32 36 43 46
settings starting_pick_amount 4
