settings timebank 10000
settings time_per_move 500
settings max_rounds 182
settings your_bot player1
settings opponent_bot player2
setup_map super_regions 1 5 2 5 3 6 4 3 5 5 6 5 7 3 8 4 9 6 10 3 11 4 12 3 13 4
setup_map regions 1 1 2 1 3 1 4 1 5 1 6 1 7 1 8 2 9 2 10 2 11 2 12 2 13 2 14 3 15 3 16 3 17 3 18 3 19 3 20 3 21 4 22 4 23 4 24 4 25 5 26 5 27 5 28 5 29 5 30 5 31 5 32 6 33 6 34 6 35 6 36 6 37 6 38 7 39 7 40 7 41 7 42 7 43 7 44 8 45 8 46 8 47 8 48 9 49 9 50 9 51 9 52 9 53 9 54 10 55 10 56 10 57 10 58 11 59 11 60 11 61 11 62 11 63 12 64 12 65 12 66 12 67 12 68 13 69 13 70 13 71 13 72 13 73 13
setup_map neighbors 1 3,2 2 3,25,26 3 4,25,5,26,48,6 4 6,5 5 6 6 48,7 7 50,48 8 12,13,11,9,17,10 9 17,14 10 11 11 12,33 12 19,13,33 13 17,19 14 15,16,17 15 16,22,21 16 22,17,18,20,23,38 17 18,19,38 19 38 20 44,45,41,39,23,38 21 22 22 23,24 23 24,44 24 45,44 25 26 26 28,27,29,49,48 27 29,30,34,28 28 31,50,29,49,30 30 34,35,31 31 50,36,63,52,35 32 33 33 34,58,59 34 58,36,37,35 35 36 36 63,37,66 37 60,66,58 38 40,39,41 39 41 40 41,42 41 43,45,42 42 43 44 45 45 46,47 46 47 48 49,50 49 50 50 52,51,56 51 52,53,70 52 53,64,63 53 64,65 54 56,55 55 68,56,69 56 57,69,70 57 70,69 58 59,61,60 60 61,62,67,66 61 62 62 67 63 65,66,67,64 64 65 65 67 66 67 68 69,71 69 71,70,72 70 73,72 71 72 72 73
setup_map wastelands 5 8 24 39 48
settings starting_regions 1 13 17 22 25 33 41 45 50 54 60 67 68
settings starting_pick_amount 6
