settings timebank 10000
settings time_per_move 500
settings max_rounds 175
settings your_bot player1
settings opponent_bot player2
setup_map super_regions 1 4 2 1 3 2 4 2 5 4 6 4 7 3 8 3 9 5 10 5 11 3 12 1 13 1 14 3 15 2 16 1 17 2
setup_map regions 1 1 2 1 3 1 4 1 5 1 6 2 7 2 8 2 9 3 10 3 11 3 12 3 13 4 14 4 15 4 16 4 17 5 18 5 19 5 20 5 21 5 22 6 23 6 24 6 25 6 26 6 27 7 28 7 29 7 30 7 31 7 32 8 33 8 34 8 35 8 36 8 37 9 38 9 39 9 40 9 41 9 42 9 43 10 44 10 45 10 46 10 47 10 48 10 49 11 50 11 51 11 52 12 53 12 54 12 55 13 56 13 57 13 58 14 59 14 60 14 61 14 62 15 63 15 64 15 65 16 66 16 67 16 68 17 69 17 70 17
setup_map neighbors 1 9,3,2 2 17,5,4,3 3 4,9 4 9,11,10,5 5 10,17 6 7,8 7 8,15,14 8 15,33 9 27,11 10 11,12,17 11 12,30,28,29,27 12 30,17 13 15,32,16,14 14 15 15 32,33 17 18,20,21,30 18 19,23,20 19 23 20 23,43,21 21 43,31,30 22 23,24,38 23 24,25,43 24 26,44,25,38 25 43,44 26 48,47,44 27 28 28 29 29 49,30,50 30 31,50 31 46,43,50 32 35,36,33,34 33 34 34 52,36 35 36 36 53,52,55 37 41,38,39 38 42,41,40 39 41,55 40 41,62 41 65,64,42,66,62,55,63 43 45,46,44 44 47,45 45 69,46,47 46 50,69,68 47 48 49 50,58,51 50 58,68 51 59,58 52 54,53 53 55,56,54 55 56,57,66 56 57 57 66 58 59,61,60,68 59 61 60 70,61,68,69 62 63 63 67,64 64 67,65 65 67,66 66 67 68 69 69 70
setup_map wastelands 21 24 28 38 50 52 53 66
settings starting_regions 2 7 12 15 19 23 31 35 42 48 49 54 57 59 63 67 70
settings starting_pick_amount 8
