settings timebank 10000
settings time_per_move 500
settings max_rounds 130
settings your_bot player2
settings opponent_bot player1
setup_map super_regions 1 2 2 2 3 3 4 3 5 3 6 3 7 3 8 2 9 6 10 3 11 4 12 2
setup_map regions 1 1 2 1 3 1 4 1 5 2 6 2 7 2 8 2 9 3 10 3 11 3 12 3 13 4 14 4 15 4 16 4 17 4 18 5 19 5 20 5 21 6 22 6 23 6 24 6 25 7 26 7 27 7 28 7 29 8 30 8 31 8 32 8 33 9 34 9 35 9 36 9 37 9 38 9 39 10 40 10 41 10 42 10 43 11 44 11 45 11 46 11 47 11 48 12 49 12 50 12 51 12 52 12
setup_map neighbors 1 2,3,5,6 2 3,17 3 6,4,7,8,25 5 9,11,6,8,7,12 6 7 7 8 8 12,33 9 18,10,20,11 11 12,20 12 20,21,35 13 15,14,16 14 16 15 16 16 17,25,27,26 17 25 18 19,20,21 19 22,21 20 21 21 23,22,24 22 23 23 24 25 28,26,30,29,27,36 26 29,30,32,27,39 28 30,29 29 30 30 31,41,40,39,32 31 36 32 39 33 34,35,45,38 34 43,36,38,44 35 48,45,37 36 44,46 37 49,48 38 45,44 39 42,41,40 40 41 41 42 43 44 44 46,47,45 45 51,48,49,47,46 46 47 48 49 49 52,50,51 51 52
setup_map wastelands 1 13 17 20 37 40
settings starting_regions 2 5 9 14 19 22 26 29 35 39 44 52
settings starting_pick_amount 5
