settings timebank 10000
settings time_per_move 500
settings max_rounds 107
settings your_bot player2
settings opponent_bot player1
setup_map super_regions 1 5 2 4 3 4 4 3 5 3 6 5 7 5 8 2 9 4
setup_map regions 1 1 2 1 3 1 4 1 5 1 6 1 7 1 8 2 9 2 10 2 11 2 12 3 13 3 14 3 15 3 16 3 17 3 18 4 19 4 20 4 21 4 22 5 23 5 24 5 25 6 26 6 27 6 28 6 29 6 30 6 31 6 32 7 33 7 34 7 35 7 36 7 37 8 38 8 39 8 40 9 41 9 42 9 43 9
setup_map neighbors 1 2 2 5,3,12 3 5,4,7,6 5 12,13,7 6 7,18 7 18,13 8 9,10 9 11,10 10 11,25,26 11 27,25,29 12 13,14,15,17,23,16 13 16,41,21,18 14 23 15 17,23,33,35 16 17,41 17 36,41,43,35 18 20,21,19 19 20 20 21,40,25 21 42,41,40,43 22 24,32,23,34 23 32,33 24 34 25 28,27,26 27 29,28,30 28 31,30 29 30,31 30 31 32 34,33 33 34,39,35 34 37,38,39 35 39,36 36 43 37 38 38 39 40 42 41 43 42 43
setup_map wastelands 1 8 23 28
settings starting_regions 7 9 13 20 24 25 35 39 40
settings starting_pick_amount 4
