settings timebank 10000
settings time_per_move 500
settings max_rounds 107
settings your_bot player1
settings opponent_bot player2
setup_map super_regions 1 4 2 7 3 3 4 1 5 3 6 4 7 4 8 5
setup_map regions 1 1 2 1 3 1 4 1 5 1 6 1 7 1 8 2 9 2 10 2 11 2 12 2 13 2 14 2 15 3 16 3 17 3 18 3 19 3 20 4 21 4 22 4 23 5 24 5 25 5 26 5 27 6 28 6 29 6 30 6 31 7 32 7 33 7 34 7 35 7 36 7 37 8 38 8 39 8 40 8 41 8 42 8 43 8
setup_map neighbors 1 4,3,2,8,5,6 2 10,12,4,6,8 3 5 5 27,7,6,14 6 12,14 7 27 8 10,9 9 11,15,10 10 13,12,11,15,16 11 15 12 14,23,13,24,37,28 13 23,16,17 14 28,27 15 20,21,16 16 21,17 17 18,19,21,32,31,23,22 18 31 20 21 21 22 23 31,24,33,25 24 38,25,37 25 33,38,26,40,36 26 36,42,40 27 28,29,30 28 29,38,37 29 38,30,39 30 39 31 32,34,33 32 35,34 33 34,36 34 35,36 36 43,42 37 38 38 40,39 39 40,41 40 42,41 41 42 42 43
setup_map wastelands 4 15 29
settings starting_regions 6 9 19 20 23 30 33 41
settings starting_pick_amount 3
