settings timebank 10000
settings time_per_move 500
settings max_rounds 135
settings your_bot player2
settings opponent_bot player1
setup_map super_regions 1 2 2 4 3 5 4 1 5 2 6 4 7 4 8 4 9 3 10 4 11 3 12 4
setup_map regions 1 1 2 1 3 1 4 1 5 2 6 2 7 2 8 2 9 3 10 3 11 3 12 3 13 3 14 4 15 4 16 4 17 5 18 5 19 5 20 5 21 6 22 6 23 6 24 6 25 7 26 7 27 7 28 7 29 7 30 8 31 8 32 8 33 8 34 9 35 9 36 9 37 9 38 10 39 10 40 10 41 10 42 10 43 10 44 10 45 11 46 11 47 11 48 11 49 11 50 12 51 12 52 12 53 12 54 12
setup_map neighbors 1 3,2,4 3 7,6,4,5 4 9,10,6 5 8,9,7,17 6 7,9 7 9 8 17,21,22,18,19 9 11,17,12,10 10 13,12 11 17,18,12 12 18,13 14 15 15 16,26 16 26,28,34,35 17 18 18 19,20 19 32,20,24,22 20 39,38 21 22 22 24,23,30 24 32,30,31 25 26 26 29,28,27 27 29,45 28 35,29,46,47 29 47,45 30 31,34 31 32,50,33,51 32 40,33,39 33 53,44,51,40 34 50,35,36,52,46 35 46 36 52,46,48,37,54 38 40,41,43,39,42 39 40 40 44,41,43 41 43 42 43 43 44 45 49,47,48,46 46 48,47 48 49 50 52,51 51 54,53,52
setup_map wastelands 19 22 41 46 52
settings starting_regions 2 7 13 16 18 24 26 31 36 39 49 50
settings starting_pick_amount 6
