settings timebank 10000
settings time_per_move 500
settings max_rounds 142
settings your_bot player1
settings opponent_bot player2
setup_map super_regions 1 4 2 5 3 4 4 2 5 3 6 5 7 5 8 3 9 2 10 6 11 5
setup_map regions 1 1 2 1 3 1 4 1 5 1 6 1 7 2 8 2 9 2 10 2 11 2 12 3 13 3 14 3 15 3 16 3 17 4 18 4 19 4 20 5 21 5 22 5 23 5 24 6 25 6 26 6 27 6 28 6 29 6 30 6 31 7 32 7 33 7 34 7 35 7 36 7 37 8 38 8 39 8 40 8 41 9 42 9 43 9 44 9 45 10 46 10 47 10 48 10 49 10 50 10 51 10 52 11 53 11 54 11 55 11 56 11 57 11
setup_map neighbors 1 2,5,4,7 2 3,6,5 4 7,9,5 5 6,12,9 6 12 7 9 8 9,10 9 10,12,11,18 10 17,18 11 12,18 12 20,18,13,14,15 14 15,20,16 15 26,37,16 16 37,39,42,41,20 17 19,18 18 22,21,20 20 41,21,22,23,42,43 21 22 22 23 23 43 24 25,27,26 25 27,33 26 38,37,27,28 27 28,33,29 28 29,36,30,40,38 29 35,36,33,31 30 54,40,36 31 33,32,34,35 32 45,34 34 45,35 35 45,47,36 36 51,47,57,54 37 38,39 38 40,39 39 53,42,52,44,40 40 53,54 41 42 42 44,43 43 44,55 44 52,55 45 46,47,48 47 50,48,51 48 49,50 52 56,55,53 53 56,54,57 54 57
setup_map wastelands 5 25 37 39 52
settings starting_regions 2 9 14 18 20 24 31 40 43 49 55
settings starting_pick_amount 4
