settings timebank 10000
settings time_per_move 500
settings max_rounds 187
settings your_bot player1
settings opponent_bot player2
setup_map super_regions 1 5 2 7 3 6 4 5 5 2 6 5 7 3 8 5 9 2 10 3 11 7 12 5 13 3 14 3
setup_map regions 1 1 2 1 3 1 4 1 5 1 6 1 7 1 8 2 9 2 10 2 11 2 12 2 13 2 14 2 15 3 16 3 17 3 18 3 19 3 20 3 21 3 22 4 23 4 24 4 25 4 26 4 27 4 28 4 29 5 30 5 31 5 32 5 33 6 34 6 35 6 36 6 37 6 38 6 39 7 40 7 41 7 42 7 43 8 44 8 45 8 46 8 47 8 48 9 49 9 50 9 51 10 52 10 53 10 54 11 55 11 56 11 57 11 58 11 59 11 60 11 61 12 62 12 63 12 64 12 65 12 66 12 67 12 68 13 69 13 70 13 71 13 72 13 73 14 74 14 75 14
setup_map neighbors 1 4,5,3,2 2 5 3 4,23 4 5,6,23,7,24 5 6,29,31 6 31,7 7 31,24,26 8 9,11,10,12 9 11,18,33,16,15,13 10 12 11 14,13,12 13 33,35,14 14 43,35,38 15 16 16 19,17,18,21 18 33,19 19 20,33,21,34 20 34,21 22 23 23 24 24 26,25 25 28,26 26 28,31 27 31,28,41 28 31 29 30,32,39,40,31 30 39 31 41,32 32 41,40 33 34,37,36,35,48 34 37 35 48,38 36 37,48 37 55,48 38 50,49,43,48 39 51,40,42,52 40 42,41 41 42 43 54,44,49 44 51,54,45,53,46 45 46,47,53,63 46 54,47,68,71 47 65,67,63,71 48 55,50 49 50,54 50 54,55,58,57 51 52,53 52 63,62,61,53 53 63 54 68,58 55 58,57,56 56 59,58 57 58 58 70,60,69,59,68 60 70,72,69 61 62 62 63,64,73 63 65,66,74,64 64 74,73 65 67,66 66 67 67 71 68 69,71 69 71,72,70 71 72 73 74 74 75
setup_map wastelands 2 7 27 30 42 63
settings starting_regions 3 14 21 28 32 36 40 45 48 53 59 65 71 73
settings starting_pick_amount 5
