settings timebank 10000
settings time_per_move 500
settings max_rounds 182
settings your_bot player1
settings opponent_bot player2
setup_map super_regions 1 5 2 6 3 6 4 4 5 4 6 6 7 3 8 2 9 4 10 2 11 3 12 4 13 4 14 5
setup_map regions 1 1 2 1 3 1 4 1 5 1 6 2 7 2 8 2 9 2 10 2 11 2 12 3 13 3 14 3 15 3 16 3 17 3 18 3 19 4 20 4 21 4 22 4 23 4 24 4 25 5 26 5 27 5 28 5 29 6 30 6 31 6 32 6 33 6 34 6 35 6 36 7 37 7 38 7 39 7 40 7 41 8 42 8 43 8 44 9 45 9 46 9 47 9 48 9 49 10 50 10 51 10 52 10 53 11 54 11 55 11 56 11 57 11 58 11 59 12 60 12 61 12 62 12 63 13 64 13 65 13 66 13 67 14 68 14 69 14 70 14 71 14 72 14 73 14
setup_map neighbors 1 5,4,3,2 2 7,3,6 3 7,5 4 5,19 5 19,9,7,20 6 7,8 7 10,9,8,25,11 8 25,12,15 9 10,20 10 22,23,20,11,25,26,21 11 25 12 13,14,15,17 13 14 14 17,16,36 15 17,25 16 37,36 17 18,36,27,25 18 27,25 19 21,20 20 21 21 23,24 22 23,42,26,41 23 24,41 25 26,27 26 28,42,27,50 27 49,28,50,36 28 50 29 32,30,31 30 31,33 31 35,33,32 32 53,35 33 34,38,59,60,35 34 40,38 35 60,54,59,62,53 36 44,49,37 37 44,39,38 38 45,40,39 39 44,45,46 40 60,45,68 41 42 42 43 44 47,49,46 45 68,67,46,48 46 47,48 47 49,63,48,52,64 48 69,64,66,67 49 50,51,52 51 63,52 52 63 53 54,57,56,55 54 55,62 55 62,58,61,56 56 58,57 58 61,73 59 60 60 61,68,62 61 68,71,62,73 63 64,66,65 64 66 65 66 66 69 67 70,69,68,72 68 71,72 69 70,72 70 72 71 73,72 72 73
setup_map wastelands 4 19 38 41 44 49 66
settings starting_regions 3 11 12 21 25 30 37 43 45 52 55 61 63 71
settings starting_pick_amount 7
