settings timebank 10000
settings time_per_move 500
settings max_rounds 137
settings your_bot player2
settings opponent_bot player1
setup_map super_regions 1 6 2 2 3 4 4 4 5 3 6 3 7 3 8 3 9 4 10 2 11 1 12 2
setup_map regions 1 1 2 1 3 1 4 1 5 1 6 1 7 1 8 2 9 2 10 2 11 2 12 3 13 3 14 3 15 3 16 3 17 3 18 3 19 4 20 4 21 4 22 4 23 4 24 5 25 5 26 5 27 5 28 6 29 6 30 6 31 6 32 6 33 6 34 7 35 7 36 7 37 8 38 8 39 8 40 8 41 8 42 9 43 9 44 9 45 9 46 10 47 10 48 10 49 10 50 11 51 11 52 11 53 12 54 12 55 12
setup_map neighbors 1 5,2,7 2 6,3,4,7 3 4 4 12,6 5 13,7 6 12,7 7 14,13,12 8 20,24,9,25 9 25,10,20,22 10 22,11,42,25 11 23,51,45,44,43,42,22 12 16,14,15,35 13 17,14,15 14 15 15 16 16 18,34 19 20,21 20 22,21 21 22,28,29 22 23,29,30 23 51,30 24 25 25 42,37,27,26 26 27,35 27 37,48,36,35,38 28 29 29 30,31,32,33 30 50,31,51 31 33,50 32 33 33 50 34 35,46 35 36,46 36 46,48 37 44,42,39,38,40 38 48,39,49,41 39 40,41 40 44,41 42 43,44 43 44 44 45 45 51 46 48,47,54,53 47 53 48 54,49 49 54,55 50 52,51 51 52 53 54,55 54 55
setup_map wastelands 16 22 31 40
settings starting_regions 2 10 17 19 27 33 35 37 43 46 52 55
settings starting_pick_amount 6
