settings timebank 10000
settings time_per_move 500
settings max_rounds 210
settings your_bot player2
settings opponent_bot player1
setup_map super_regions 1 7 2 2 3 5 4 0 5 7 6 3 7 4 8 3 9 5 10 1 11 3 12 0 13 1 14 4 15 4 16 4 17 5 18 0 19 4 20 3 21 1
setup_map regions 1 1 2 1 3 1 4 1 5 1 6 1 7 1 8 2 9 2 10 2 11 2 12 3 13 3 14 3 15 3 16 3 17 3 18 3 19 4 20 4 21 5 22 5 23 5 24 5 25 5 26 5 27 5 28 6 29 6 30 6 31 7 32 7 33 7 34 7 35 7 36 8 37 8 38 8 39 9 40 9 41 9 42 9 43 9 44 9 45 10 46 10 47 11 48 11 49 11 50 11 51 12 52 12 53 13 54 13 55 14 56 14 57 14 58 14 59 14 60 15 61 15 62 15 63 15 64 16 65 16 66 16 67 16 68 17 69 17 70 17 71 17 72 17 73 17 74 18 75 18 76 19 77 19 78 19 79 19 80 20 81 20 82 20 83 21 84 21
setup_map neighbors 1 3,10,8,2,5 2 4,5 3 5,10 4 5,39,7,6 5 10,29,45,39,46 6 7 7 39,40 8 10,9 9 11,12,28,10 10 29,28 11 28,12,15 12 13,14,16,15 13 14,19 14 17,19,16,36,22 15 32,31,18,16,17,28 16 17 17 36,51,18,48,47 18 32,47 19 20,22 20 21,23,22 21 24,23,25,22 22 23,37,24,36 24 26,38,37,36 26 27,38 27 38,68,70 28 29,31,30 29 46,30,33 30 31,33 31 32,33 32 47,33 33 47,34,49,35,46 34 35,46 35 56,42,55,57,46,49 36 37,53,38,51 38 68,53 39 40,41,45,46 40 62,60,41,61 41 60,46,43,42 42 43,44,46,57,76,77,60,58 43 60 44 58 45 46 47 52,48,49,50,55 48 51,52 49 55 50 52,64,55 51 53,52 52 64,54,53 53 68,54 54 68,74,64,69 55 57,56,65,64 56 57 57 59,65,66,58,80 58 81,82,77,80,78,59 59 80 60 76,61,62 61 63,62,76 64 67,66,65,69,83 65 66 66 83,80 67 69 68 74,70,75 69 84,83,73,71,74,75 70 72,71,75 71 72,75,73 73 84 74 75 76 78,77,79 77 78 78 81,79 80 83,82,84 81 82 83 84
setup_map wastelands 8 17 21 24 26 50 61 71 77 84
settings starting_regions 6 9 16 19 22 28 33 37 41 46 48 52 54 57 62 65 69 74 78 81 83
settings starting_pick_amount 10
