settings timebank 10000
settings time_per_move 500
settings max_rounds 112
settings your_bot player2
settings opponent_bot player1
setup_map super_regions 1 5 2 1 3 6 4 3 5 4 6 6 7 2 8 2 9 3
setup_map regions 1 1 2 1 3 1 4 1 5 1 6 1 7 1 8 2 9 2 10 2 11 3 12 3 13 3 14 3 15 3 16 3 17 3 18 4 19 4 20 4 21 5 22 5 23 5 24 5 25 6 26 6 27 6 28 6 29 6 30 6 31 6 32 7 33 7 34 7 35 7 36 7 37 8 38 8 39 8 40 8 41 9 42 9 43 9 44 9 45 9
setup_map neighbors 1 2 2 4,3,9 3 9,5,18,7,6,4 4 5,11 5 11,25,7,14,15 6 18,20,7,26,25 7 25 8 9 9 18,10 10 18 11 14,12 12 13,14,16 13 16 14 16,15 15 16,27,25 16 27,17 18 19,22,20 19 20,24,22 20 26,24,37 21 22 22 23,24 23 24,32,35,34 24 37,35,39 25 26,27,28 26 30,28,38,37 27 29,31,41,28,44 28 41,42,30,29 29 41 30 42,38 32 34,33 33 34 34 35 35 39,40,36 37 38,39 38 39,42 39 40 41 42,43,44 42 43 43 44,45 44 45
setup_map wastelands 3 17 19 21
settings starting_regions 7 8 14 18 24 25 33 38 43
settings starting_pick_amount 4
