settings timebank 10000
settings time_per_move 500
settings max_rounds 132
settings your_bot player1
settings opponent_bot player2
setup_map super_regions 1 6 2 5 3 4 4 6 5 4 6 5 7 4 8 3 9 3 10 1
setup_map regions 1 1 2 1 3 1 4 1 5 1 6 1 7 1 8 2 9 2 10 2 11 2 12 2 13 2 14 2 15 3 16 3 17 3 18 3 19 3 20 4 21 4 22 4 23 4 24 4 25 4 26 4 27 5 28 5 29 5 30 5 31 6 32 6 33 6 34 6 35 6 36 7 37 7 38 7 39 7 40 7 41 7 42 7 43 8 44 8 45 8 46 8 47 9 48 9 49 9 50 9 51 10 52 10 53 10
setup_map neighbors 1 6,2 2 7,6,3 3 7,4 4 23,5,7 6 20,7,21 7 21,22,23 8 15,10,12,9 9 12 10 16,13,15,27,12 11 12,24 12 14,13,36 13 14,27 14 27,30 15 18,17,16 16 27,18,17,19,28 17 18 18 19 19 28 20 21,25 21 26,23,24,22,25 22 23 23 24 24 26 25 26 26 36 27 29,30,28 29 30 31 33,32 32 51,33,34,35 33 34 34 47,48,35,52,51,53 35 51 36 41,43,40,37 37 39,40 38 39 39 41,47,40 40 41 41 43,42,47 42 46,50,43,49,47 43 44,46 44 45,46 45 46 47 49,48 48 52,49,50 49 50 51 53 52 53
setup_map wastelands 4 11 29 38 44
settings starting_regions 6 9 15 26 30 31 37 43 47 51
settings starting_pick_amount 5
