settings timebank 10000
settings time_per_move 500
settings max_rounds 207
settings your_bot player2
settings opponent_bot player1
setup_map super_regions 1 1 2 6 3 3 4 2 5 4 6 3 7 1 8 4 9 3 10 3 11 5 12 2 13 4 14 2 15 0 16 4 17 3 18 0 19 4 20 2 21 1 22 5 23 1
setup_map regions 1 1 2 1 3 2 4 2 5 2 6 2 7 2 8 2 9 2 10 3 11 3 12 3 13 4 14 4 15 4 16 5 17 5 18 5 19 5 20 5 21 6 22 6 23 6 24 6 25 6 26 7 27 7 28 8 29 8 30 8 31 8 32 8 33 9 34 9 35 9 36 9 37 10 38 10 39 10 40 11 41 11 42 11 43 11 44 11 45 12 46 12 47 12 48 12 49 13 50 13 51 13 52 13 53 14 54 14 55 14 56 15 57 15 58 16 59 16 60 16 61 16 62 17 63 17 64 17 65 18 66 18 67 19 68 19 69 19 70 19 71 19 72 20 73 20 74 20 75 21 76 21 77 22 78 22 79 22 80 22 81 22 82 23 83 23
setup_map neighbors 1 3,6,2 2 23,22,6 3 7,6,4,26,21 4 5,8,7 5 10,16,18,8,33,9 6 21,23 7 8,9,26 8 9 9 40,41,26,33,27 10 17,11,12,16,19 11 12,28,19 12 19 13 14 14 15,28,30 15 32,30 16 17,18 17 19,20,18 18 38,33,37,20 19 20,29,31,28 20 45,46,31,39,37 21 26,27,24,23 22 25,23,24 23 24 24 41,42,43,25,27 25 42 26 27 27 41 28 30,29,31 29 31 30 31,32,50,46 31 46 32 49,50 33 38,34,35,40 34 38,35,39,36 35 40,56,36 36 62,57,56,39,47,45 37 39,38 38 39 39 45 40 41,53,59,58,43,56 41 43 42 43 43 66,44,58 44 66,65 45 46,47 46 50,48,47 47 62,63,48 48 50,63,51 49 50 50 51,52 51 52,72,74,63,73,69 52 72 53 56,60,59,54,55 54 77,55,56,67 55 77,78,60 56 67,57 57 67,62,68 58 66,61,59 59 60,61 60 78,61 61 78,79,82,66 62 68,63,64 63 69,64 64 68,69 65 66,75 66 75,82 67 68,77,70 68 69,70,71 69 71,73 70 71,81,77 72 74 73 74 75 82,76 77 81,78,80 78 80,79,82 79 82 82 83
setup_map wastelands 4 5 14 15 17 34 37 44 54 71
settings starting_regions 1 7 10 13 18 25 27 32 33 39 42 45 52 53 57 60 64 66 67 73 75 77 82
settings starting_pick_amount 11
