settings timebank 10000
settings time_per_move 500
settings max_rounds 105
settings your_bot player1
settings opponent_bot player2
setup_map super_regions 1 5 2 4 3 4 4 2 5 4 6 3 7 4 8 4
setup_map regions 1 1 2 1 3 1 4 1 5 1 6 1 7 1 8 2 9 2 10 2 11 2 12 3 13 3 14 3 15 3 16 3 17 4 18 4 19 4 20 4 21 5 22 5 23 5 24 5 25 6 26 6 27 6 28 6 29 6 30 6 31 7 32 7 33 7 34 7 35 7 36 7 37 7 38 8 39 8 40 8 41 8 42 8
setup_map neighbors 1 3,8,11,10,2,4 2 5,6,4 3 4,11 4 5,13,11 5 14,13,7,12,6 6 12,7 7 12 8 9,10 9 17,18,10 10 18,11 11 18,13,22 12 15,14 13 16,14,23,38,22 14 15,26,16 15 25,27,26 16 28,26,39,38 17 19,18 18 21,19,22,20 19 20,31 20 31,22,32,33 21 22 22 23,24,33 23 38,24,39 24 39,40,33 25 27,30 26 27,29,28 27 29,30 28 29,39 29 42,39,30 31 32,34 32 33,36,34 33 35,40,36 34 35,36 35 37,36,40 38 39 39 42,41,40 40 42,41 41 42
setup_map wastelands 2 7 30 32
settings starting_regions 1 9 13 18 22 25 37 38
settings starting_pick_amount 4
