settings timebank 10000
settings time_per_move 500
settings max_rounds 135
settings your_bot player1
settings opponent_bot player2
setup_map super_regions 1 3 2 5 3 3 4 2 5 5 6 5 7 2 8 6 9 4 10 1 11 3
setup_map regions 1 1 2 1 3 1 4 1 5 1 6 2 7 2 8 2 9 2 10 2 11 2 12 3 13 3 14 3 15 3 16 3 17 4 18 4 19 4 20 4 21 5 22 5 23 5 24 5 25 5 26 5 27 5 28 6 29 6 30 6 31 6 32 6 33 7 34 7 35 7 36 8 37 8 38 8 39 8 40 8 41 8 42 8 43 9 44 9 45 9 46 9 47 9 48 10 49 10 50 10 51 11 52 11 53 11 54 11
setup_map neighbors 1 2,6 2 4,7,6,9,17,3,5 4 5,17 5 17 6 7 7 8,9 8 9,11,10 9 10,17 10 11,21,17,19 11 21 12 13 13 15,14,22 14 16,15 15 29,30,16,24,22,28,43 16 34,33,43 17 18,19,20 18 19 19 25,37,20,21 20 36,37 21 23,22,24,25 22 24 23 25,24,26 24 26,28 25 37,26,39 26 27,28,51,39 27 28,51 28 30,31,29,51 29 30 30 43,48,31 31 48,32,51 32 49,51,48 33 34,44,35 34 44,43 36 37,38,41,39 37 39 38 40,41 39 53,51,41 40 42,52,41 41 52,53 43 48,44,45 44 47,46,45 45 48,46 46 47,50,48 48 50,49 49 50,54,51 51 54,53 52 53
setup_map wastelands 12 28 37 40 49
settings starting_regions 3 6 13 17 25 32 34 42 46 50 53
settings starting_pick_amount 5
