settings timebank 10000
settings time_per_move 500
settings max_rounds 125
settings your_bot player2
settings opponent_bot player1
setup_map super_regions 1 4 2 2 3 3 4 6 5 4 6 4 7 4 8 3 9 5 10 4
setup_map regions 1 1 2 1 3 1 4 1 5 1 6 1 7 2 8 2 9 2 10 2 11 2 12 3 13 3 14 3 15 3 16 3 17 3 18 4 19 4 20 4 21 4 22 4 23 4 24 5 25 5 26 5 27 5 28 6 29 6 30 6 31 6 32 7 33 7 34 7 35 7 36 8 37 8 38 8 39 8 40 8 41 9 42 9 43 9 44 9 45 9 46 10 47 10 48 10 49 10 50 10
setup_map neighbors 1 3,2 2 7,4,3 3 14,5,4,24,6,13 4 19,5,7 5 19,6,22,28 6 25,29,24 7 8,10,19,9 8 9 9 18,11,10 10 18,19 11 18 12 14,13 13 24,25,17,14,15 15 17,16 16 26,17 17 25,26,27 18 21,19,20,22,23 19 22 20 23 21 23,22 22 23,28 24 25 25 34,27,29 26 27,33,35,32 27 34,33 28 30,29 29 41,33,31,30,34 30 31 31 41 32 36,35,37 33 35,34,41,42,37 35 37 36 38,40,39,46,37 37 42,39,48 38 39 39 46,48,40 40 46 41 43,44,42 42 49,44,48,45 45 49 46 47,50,48 48 49,50 49 50
setup_map wastelands 6 7 15 46 48
settings starting_regions 5 8 17 22 26 28 33 37 44 50
settings starting_pick_amount 5
