settings timebank 10000
settings time_per_move 500
settings max_rounds 112
settings your_bot player1
settings opponent_bot player2
setup_map super_regions 1 2 2 3 3 5 4 4 5 2 6 3 7 5 8 4 9 2 10 4
setup_map regions 1 1 2 1 3 1 4 1 5 1 6 2 7 2 8 2 9 2 10 2 11 3 12 3 13 3 14 3 15 3 16 3 17 4 18 4 19 4 20 4 21 5 22 5 23 5 24 6 25 6 26 6 27 7 28 7 29 7 30 7 31 7 32 8 33 8 34 8 35 8 36 8 37 9 38 9 39 9 40 10 41 10 42 10 43 10 44 10 45 10
setup_map neighbors 1 2,4 2 4,3,7 3 7,6 4 17,7,8,5 5 17 6 9,8,7 7 8 8 18,9,10,17 9 32,23 10 18 11 13,21,12 12 14,13 13 21,15,25,14,16,24 15 23,21,16,27 16 27,25 17 19,20,18 18 20 19 20 21 23 22 23 24 25,26 25 26,27 26 29,27 27 34,30,29,28 28 30,32,34 29 31 30 34 32 33,36,34 33 34,40,37,36 34 41,40,42 35 36 36 37,39 37 40,39,38 38 44,39,40 39 44 40 43,44,41,42 41 42 42 45,43 43 44,45
setup_map wastelands 3 10 32 39 44
settings starting_regions 1 8 14 20 21 24 27 35 37 41
settings starting_pick_amount 4
