settings timebank 10000
settings time_per_move 500
settings max_rounds 147
settings your_bot player2
settings opponent_bot player1
setup_map super_regions 1 3 2 4 3 3 4 5 5 1 6 4 7 2 8 4 9 3 10 1 11 6 12 5 13 5
setup_map regions 1 1 2 1 3 1 4 1 5 2 6 2 7 2 8 2 9 3 10 3 11 3 12 3 13 4 14 4 15 4 16 4 17 4 18 4 19 4 20 5 21 5 22 5 23 6 24 6 25 6 26 6 27 7 28 7 29 7 30 8 31 8 32 8 33 8 34 9 35 9 36 9 37 9 38 10 39 10 40 10 41 11 42 11 43 11 44 11 45 11 46 11 47 11 48 12 49 12 50 12 51 12 52 12 53 12 54 12 55 13 56 13 57 13 58 13 59 13
setup_map neighbors 1 2,13 2 14,3,13,4 3 4,5 4 16,14,5,6 5 6,9,7 6 20,7,16,22 7 22,8,9,11,27 9 10,11,12 10 12 11 12 13 15,17,14,16,18 14 16 16 20,23,17,21 17 18,23 18 19,23,25 19 25 20 21,22 21 31,30,22,27,23 22 27 23 30,24,25 24 30,26,25 25 26 26 30,33 27 29,30,31,28 28 29 29 32,34,30 30 33,31,32 34 35 35 36,48,50,49 36 37,49 37 55,49 38 39,56,41,40,57 39 41,44,40 40 57,44 41 42,44 42 44,45 43 46,45 44 45 45 46,47 48 50 49 51,50,55,58 50 52,53,51 51 54,58,53,59 52 53 54 59 55 56,58 56 57,59,58 57 59 58 59
setup_map wastelands 4 16 30 38 43 54
settings starting_regions 2 5 11 13 20 24 27 32 35 40 45 49 59
settings starting_pick_amount 6
