settings timebank 10000
settings time_per_move 500
settings max_rounds 142
settings your_bot player1
settings opponent_bot player2
setup_map super_regions 1 5 2 2 3 4 4 3 5 7 6 2 7 4 8 2 9 2 10 3 11 3 12 3
setup_map regions 1 1 2 1 3 1 4 1 5 1 6 1 7 1 8 2 9 2 10 2 11 2 12 3 13 3 14 3 15 3 16 4 17 4 18 4 19 4 20 4 21 5 22 5 23 5 24 5 25 5 26 5 27 5 28 6 29 6 30 6 31 6 32 7 33 7 34 7 35 7 36 7 37 7 38 7 39 8 40 8 41 8 42 9 43 9 44 9 45 9 46 10 47 10 48 10 49 10 50 11 51 11 52 11 53 12 54 12 55 12 56 12 57 12
setup_map neighbors 1 4,8,7,2 2 8,9,5,3 3 6,5 5 6,12,9 6 12 7 8,10,32 8 11,10,9,13 9 12,13 10 11 11 13,28 12 13,14 13 15,14 14 15 16 17,18 17 19,20,18 18 22,19 19 42,20,24,22 20 44,42 21 23,26,22 22 24,25,26 23 32,26 24 43,42,46,25 25 26,46,27 26 32,27,34,35,36 27 46,36,47 28 29,41 29 30,41,50,53 30 31,41,54,53 31 54,53,41,57 32 34,35,33 33 40 34 35 35 36,37,38 36 47 37 38 39 40 40 41 42 43,46,44,45 43 46 44 45 45 46 46 47,48 47 49,48 50 56,51,53,55 51 52,56 52 56 53 54,55,56,57 55 56 56 57
setup_map wastelands 1 3 8 10 33 48
settings starting_regions 2 9 12 19 23 28 34 40 42 47 51 54
settings starting_pick_amount 6
