settings timebank 10000
settings time_per_move 500
settings max_rounds 132
settings your_bot player2
settings opponent_bot player1
setup_map super_regions 1 2 2 4 3 5 4 4 5 4 6 3 7 4 8 4 9 4 10 4 11 2
setup_map regions 1 1 2 1 3 1 4 1 5 2 6 2 7 2 8 2 9 2 10 2 11 2 12 3 13 3 14 3 15 3 16 3 17 3 18 4 19 4 20 4 21 4 22 5 23 5 24 5 25 5 26 5 27 6 28 6 29 6 30 6 31 7 32 7 33 7 34 7 35 8 36 8 37 8 38 8 39 8 40 9 41 9 42 9 43 9 44 9 45 9 46 10 47 10 48 10 49 10 50 11 51 11 52 11 53 11
setup_map neighbors 1 2,6 2 3,6,9,10 3 4,9 5 7,6 6 8,7,10 7 8,35,36 8 10,35,38 9 38,10,11 10 38 11 38 12 13,18,15,40 13 18,19,14,15 14 15,16,17,19,21 15 41,17,42,40 16 17,51,50,20,21 17 42,51 18 19 19 20,22,21 20 25,21,22,50,24,26 22 24,23 23 31,25,27,24,26 24 25 25 26 27 31,28 28 29,31 29 31,32,33,30 30 32 31 34,33,46 32 48,33,47 33 47,46 34 46 35 38,36 36 37,39 37 40,41 39 41 40 41 41 43,42 42 43,51,44 43 44,45 44 51,45,53 45 53 46 47,49 47 49,48 50 51,52 51 52,53 52 53
setup_map wastelands 3 5 9 38 52
settings starting_regions 1 10 14 19 24 27 31 35 40 47 53
settings starting_pick_amount 4
