settings timebank 10000
settings time_per_move 500
settings max_rounds 175
settings your_bot player2
settings opponent_bot player1
setup_map super_regions 1 2 2 5 3 2 4 3 5 3 6 3 7 3 8 4 9 4 10 2 11 3 12 2 13 2 14 3 15 3 16 4
setup_map regions 1 1 2 1 3 1 4 2 5 2 6 2 7 2 8 2 9 3 10 3 11 3 12 3 13 4 14 4 15 4 16 4 17 5 18 5 19 5 20 5 21 5 22 5 23 6 24 6 25 6 26 6 27 6 28 7 29 7 30 7 31 7 32 8 33 8 34 8 35 8 36 9 37 9 38 9 39 9 40 9 41 9 42 10 43 10 44 10 45 10 46 11 47 11 48 11 49 11 50 11 51 12 52 12 53 12 54 13 55 13 56 13 57 13 58 13 59 14 60 14 61 14 62 14 63 15 64 15 65 15 66 15 67 16 68 16 69 16 70 16
setup_map neighbors 1 23,3,4,2 2 3,24,23 3 23 4 5,23 5 23,6,7,9,8 6 9 7 9,10,28,8,25,29 8 25,23 9 10,13,15 10 11,12,28,15 11 12,15,33,32 12 28 13 15,14 14 17,16,15 15 16,32 16 17,19,32,20,33 17 18,20 18 20,21 19 20,21,34,33,35 20 21 21 22,34 22 34 23 24,25 24 25,26 25 27,26,29 26 27,36,37 27 29,31,37 28 30,29 29 30,31 30 51 31 46,40,37 32 33 33 35 34 35 36 37,39,38 37 40,39 38 39,41,59 39 40,48,41 40 48,47,46 41 49,61,48,59 42 44,51 43 55,45,54,44 44 45,67,51 45 55,69,67 46 47 47 63,50,48 48 64,49,50 49 64,60,61 50 63,65,64 51 52,67 52 53,63,67,68 53 63,65,68 54 56,55 55 57,56,69,58 57 58 58 69 59 62,60,61 60 61,62,66,64 63 65 64 66,65 67 68,69 68 69,70 69 70
setup_map wastelands 12 15 18 40 42 44 50
settings starting_regions 1 5 9 14 19 24 30 32 38 45 47 53 56 60 63 68
settings starting_pick_amount 8
