settings timebank 10000
settings time_per_move 500
settings max_rounds 185
settings your_bot player2
settings opponent_bot player1
setup_map super_regions 1 4 2 1 3 5 4 6 5 3 6 4 7 3 8 0 9 5 10 5 11 0 12 0 13 1 14 1 15 7 16 3 17 0 18 4
setup_map regions 1 1 2 1 3 1 4 1 5 2 6 2 7 2 8 3 9 3 10 3 11 3 12 3 13 3 14 4 15 4 16 4 17 4 18 4 19 4 20 5 21 5 22 5 23 6 24 6 25 6 26 6 27 6 28 6 29 7 30 7 31 7 32 7 33 7 34 8 35 8 36 9 37 9 38 9 39 9 40 9 41 9 42 9 43 10 44 10 45 10 46 10 47 10 48 10 49 10 50 11 51 11 52 12 53 12 54 13 55 13 56 14 57 14 58 15 59 15 60 15 61 15 62 15 63 15 64 15 65 16 66 16 67 16 68 16 69 17 70 17 71 18 72 18 73 18 74 18
setup_map neighbors 1 3,4,15,2,20 2 20,5 3 20,4 4 21,15,20,22 5 6,29,20 6 23,8,7,29 7 23,29 8 10,11,23,9,24 9 12,11,13,10 10 11 11 13,23 12 13 13 25,28,54,23 14 15,17 15 19,17,18,21 16 17 17 18,19 18 19 19 51,21,50,37 20 35,29,34,22 21 22,37,36 22 36,34 23 25,24,29 25 26,52,28,27,29 26 33,53,59,52,27,58,28 27 28 28 54,58 29 30,52,32,35 30 31,43,35,32 31 32,43 32 46,45,52,33,43 33 59,48,46,69,52,53,61 34 43,36,35 35 43 36 44,38,43,37 37 57,38,51,40,39 38 44,41,40 39 42,56,40,65,57 40 41,42 41 47,66,44,67,45,65,42 42 65 43 44,45 44 45 45 47,49,46 46 48,73,69,49,72,71,74 47 71,49,67 48 69 49 71 50 51 51 57,56 52 53 54 58,55 55 58 56 57 58 59,60 59 60,61 61 69,62,63 62 63 63 64,69 64 69,70 65 66,67,68 66 67 67 71,72,68 69 73,70 70 73,74 71 72 72 74 73 74
setup_map wastelands 4 11 13 18 19 26 27 49 50
settings starting_regions 1 5 8 16 22 23 33 34 37 46 51 52 55 57 63 68 69 71
settings starting_pick_amount 6
