settings timebank 10000
settings time_per_move 500
settings max_rounds 192
settings your_bot player2
settings opponent_bot player1
setup_map super_regions 1 3 2 5 3 5 4 6 5 3 6 4 7 5 8 3 9 4 10 1 11 6 12 1 13 3 14 1 15 1 16 6 17 4 18 0
setup_map regions 1 1 2 1 3 1 4 2 5 2 6 2 7 2 8 2 9 3 10 3 11 3 12 3 13 3 14 3 15 4 16 4 17 4 18 4 19 4 20 4 21 4 22 5 23 5 24 5 25 6 26 6 27 6 28 6 29 6 30 7 31 7 32 7 33 7 34 7 35 7 36 8 37 8 38 8 39 8 40 9 41 9 42 9 43 9 44 9 45 10 46 10 47 10 48 10 49 11 50 11 51 11 52 11 53 11 54 11 55 12 56 12 57 12 58 13 59 13 60 13 61 14 62 14 63 15 64 15 65 16 66 16 67 16 68 16 69 16 70 16 71 16 72 17 73 17 74 17 75 17 76 18 77 18
setup_map neighbors 1 4,2 2 22,23,3,4 3 4,23,8 4 6,8,5 5 7,12,6,9 6 8,7 7 8,16,12,17 8 16,41,40,23 9 10,15,12,13 10 11,13 11 13 12 15,17 13 14,32,30,15 14 30,32 15 31,18,16,17,32 16 18,19,41,17 18 31,33,20,21,19 19 43,44,41,21,65 20 49,21,33 21 49,51,65 22 23,25,26,24 23 24,40 24 26,42,29,40,56 25 38,26,27 26 28,29,55,27,56 27 37,38,55,28,62,57 30 32 31 33,32,34 32 45,46,34 33 49,34 34 45,35,58,47,59,49 35 49,58 36 37 37 62,38,39,61 40 41,42 41 43,42 42 44,43,63,56 43 44 44 65,64,63 45 46,47 46 48,47,59 47 59 48 59 49 50,58,51,52 50 51,53,52,54 51 53,65 52 58,76,54 53 66,70,54,65,76,71 54 76 55 56,57,72 56 72,63 58 76,59 59 60,76 60 76 61 62 63 73,72,64,74,67 64 65,67 65 66,67 66 67,68,70 67 68,74,69,70 69 74,70 70 71 71 76 72 73 73 75,74 74 75 76 77
setup_map wastelands 8 16 25 29 62 63 67 69 72
settings starting_regions 1 4 13 17 24 28 34 39 42 48 54 57 59 61 64 71 74 76
settings starting_pick_amount 9
