settings timebank 10000
settings time_per_move 500
settings max_rounds 175
settings your_bot player2
settings opponent_bot player1
setup_map super_regions 1 3 2 3 3 4 4 4 5 3 6 2 7 2 8 5 9 7 10 1 11 3 12 2 13 3 14 6
setup_map regions 1 1 2 1 3 1 4 1 5 1 6 2 7 2 8 2 9 2 10 3 11 3 12 3 13 3 14 3 15 3 16 4 17 4 18 4 19 4 20 4 21 5 22 5 23 5 24 5 25 5 26 6 27 6 28 6 29 7 30 7 31 7 32 7 33 8 34 8 35 8 36 8 37 8 38 8 39 8 40 9 41 9 42 9 43 9 44 9 45 9 46 9 47 10 48 10 49 10 50 11 51 11 52 11 53 11 54 11 55 12 56 12 57 12 58 12 59 13 60 13 61 13 62 13 63 13 64 14 65 14 66 14 67 14 68 14 69 14 70 14
setup_map neighbors 1 6,3 2 4,3 3 5,9,4,33,6 4 5,33 6 8,7,9,29 7 8 8 29,16 9 29,33 10 11,13 11 12,13,26,27 13 14,15,26 14 15,40 15 41,40,42,26 16 18,29,19,17 17 18,19,20 18 19 19 20,31,32,29 20 32 21 23,22 22 50,47,23,25 23 24,56,55,25 24 55 25 56,51,50 26 27,28,42 27 28 28 43,42 29 30,31,33 30 33,35,31 31 39,32,35,36 32 39 33 34,35,48 34 35,37,38,48 35 36,37 36 39,37 40 55,41 41 45,42,44,60,59,55 42 44,43 43 44 44 46,45 45 60,62,63 47 50,52,64,49 48 49 49 64 50 51,52 51 53,52,58,56 52 54,66,64,53,67 53 67,58,69,57 54 67,66 55 57,56,59 56 57,58 57 59,58 59 60,61 60 61,62 61 62 62 63 64 66,65 65 66 66 67,70 67 68,69 68 69
setup_map wastelands 9 19 25 33 50 54 57
settings starting_regions 4 8 11 20 22 26 31 38 41 48 52 56 59 67
settings starting_pick_amount 6
