settings timebank 10000
settings time_per_move 500
settings max_rounds 205
settings your_bot player1
settings opponent_bot player2
setup_map super_regions 1 2 2 3 3 5 4 2 5 3 6 4 7 4 8 2 9 5 10 1 11 3 12 5 13 5 14 4 15 4 16 4 17 3 18 4
setup_map regions 1 1 2 1 3 1 4 1 5 2 6 2 7 2 8 2 9 2 10 3 11 3 12 3 13 3 14 3 15 3 16 4 17 4 18 4 19 4 20 4 21 5 22 5 23 5 24 5 25 6 26 6 27 6 28 6 29 6 30 7 31 7 32 7 33 7 34 8 35 8 36 8 37 9 38 9 39 9 40 9 41 9 42 10 43 10 44 10 45 11 46 11 47 11 48 11 49 11 50 12 51 12 52 12 53 12 54 12 55 13 56 13 57 13 58 13 59 13 60 14 61 14 62 14 63 14 64 15 65 15 66 15 67 15 68 16 69 16 70 16 71 16 72 16 73 17 74 17 75 17 76 17 77 18 78 18 79 18 80 18 81 18 82 18
setup_map neighbors 1 3,2,23,22 2 21,4,23,5,25 3 22 4 23 5 6,7,9,25 6 7,8,9 7 9 8 9 9 27,26,25 10 11,13,12,14,15 11 16,14,18,30 12 15,13 13 15 14 30,15 15 33,31,30 16 18,17 17 18,19,20 18 20,32,30 19 20 20 32 21 25,26,24,23,28 22 23 23 24,34 24 28,34 25 26 26 29,28,27 28 36,34,29 30 32,33,31 31 33 32 33,46 33 46,45 34 35,38,36 35 38,39 36 50,38 37 39,60 38 50,51,40,39 39 40,60 40 77,41,50,51,60 41 50,77,53,78,79 42 43,55,56 43 56,64,58,44,52 44 58,64 45 68,55,48,46,49 46 47 47 48,49 48 49 49 68,69 50 51,53,52 52 64,54,53 53 78 54 65 55 57,68,56 56 57,58 57 68,58 58 59,66,64,67,68,70 59 68 60 73,61,74,77 61 62,74,77,63 62 63,74,76 63 81,77 64 65,66 65 66 66 67 67 70 68 71,69,70 69 71 70 71,72 71 72 73 74,75 74 76,75 77 81,79 78 79,82,81,80 79 81 81 82
setup_map wastelands 5 7 30 40 41 53 54 63 74
settings starting_regions 3 8 13 17 24 25 32 36 38 43 47 52 55 60 67 68 76 80
settings starting_pick_amount 7
