settings timebank 10000
settings time_per_move 500
settings max_rounds 152
settings your_bot player2
settings opponent_bot player1
setup_map super_regions 1 2 2 5 3 3 4 5 5 2 6 2 7 2 8 5 9 3 10 2 11 4 12 4 13 3
setup_map regions 1 1 2 1 3 1 4 2 5 2 6 2 7 2 8 2 9 2 10 2 11 3 12 3 13 3 14 3 15 3 16 4 17 4 18 4 19 4 20 4 21 4 22 4 23 5 24 5 25 5 26 6 27 6 28 6 29 6 30 7 31 7 32 7 33 7 34 8 35 8 36 8 37 8 38 8 39 9 40 9 41 9 42 9 43 9 44 10 45 10 46 10 47 10 48 10 49 11 50 11 51 11 52 11 53 11 54 12 55 12 56 12 57 12 58 13 59 13 60 13 61 13
setup_map neighbors 1 3,2 2 3,4 3 26,6,4 4 5,7,6 5 9,7 6 7,27,26 7 9,27 8 10,9 9 27,10,30 10 30,32 11 17,12,14,16 12 14,23,13 13 24,23,15 14 17,18,23 15 24 16 17 17 20,21,19,18 18 25,39,21,20,41,23 19 21 20 21 21 49,22,41 22 49 23 24,25 24 25 25 40,28,44 26 27,28 27 28,31,30 28 31,33,29 30 31,32 31 34,33,35,54 33 55,54 34 35 35 54,37,38,36,56,55 37 38 38 56,57 39 40,41 40 59,58,42,41 41 49,42 42 49,59,43 43 49,51,59,60,53 44 45,47 45 55,56,47,48 46 47 47 48 48 56 49 50,51 50 51 51 52,53 54 55 55 56 56 57 58 59 59 61,60 60 61
setup_map wastelands 8 16 26 33 56 60
settings starting_regions 1 10 11 18 24 29 31 34 40 48 53 57 61
settings starting_pick_amount 5
