settings timebank 10000
settings time_per_move 500
settings max_rounds 112
settings your_bot player1
settings opponent_bot player2
setup_map super_regions 1 4 2 3 3 5 4 2 5 4 6 5 7 4 8 3 9 4
setup_map regions 1 1 2 1 3 1 4 1 5 1 6 1 7 2 8 2 9 2 10 2 11 3 12 3 13 3 14 3 15 3 16 3 17 3 18 4 19 4 20 4 21 5 22 5 23 5 24 5 25 5 26 5 27 6 28 6 29 6 30 6 31 6 32 7 33 7 34 7 35 7 36 7 37 7 38 8 39 8 40 8 41 8 42 9 43 9 44 9 45 9
setup_map neighbors 1 4,2 2 7,3,5,4 3 7,19,18,11,14,4,5 4 20,22,5,18,6 7 8,11 8 11,9 9 11,10,12,13 10 15,12 11 13,12,16,14 12 17,16,13,15 14 16,27,21,19 15 17 16 32,27,17 17 39,38,32 18 19,20 19 21,23,20 20 23,22 21 23,27,24 22 23,24,25,26 23 24 24 26,28,30,27,29 25 31,26 26 30,31 27 32,33,29 28 35,29,30,37 29 33,35 30 31,36,37 31 36 32 33,38,34 33 34,35 34 40,38,42,35 35 37,42 36 37 38 40,39 39 40,41 40 42,41 41 42,45,44 42 44,43,45 43 45 44 45
setup_map wastelands 16 27 42
settings starting_regions 4 8 11 20 26 28 32 39 43
settings starting_pick_amount 3
