settings timebank 10000
settings time_per_move 500
settings max_rounds 135
settings your_bot player1
settings opponent_bot player2
setup_map super_regions 1 4 2 3 3 5 4 6 5 3 6 3 7 2 8 5 9 1 10 2 11 3
setup_map regions 1 1 2 1 3 1 4 1 5 1 6 2 7 2 8 2 9 2 10 2 11 2 12 3 13 3 14 3 15 3 16 3 17 3 18 4 19 4 20 4 21 4 22 4 23 4 24 4 25 5 26 5 27 5 28 5 29 6 30 6 31 6 32 6 33 7 34 7 35 7 36 7 37 8 38 8 39 8 40 8 41 8 42 8 43 8 44 9 45 9 46 9 47 10 48 10 49 10 50 10 51 11 52 11 53 11 54 11
setup_map neighbors 1 2,5,29 2 4,5,3,12 3 12 4 13,5,29,30,16,12,14 5 29 6 9,10,7 7 8,9 8 9,25,26 9 11,10,26 10 15,12 11 26 12 13 13 14,15 14 16,15,17 16 30,17 17 30 18 20,19 19 33,34,20 20 33,21,22,37 21 22,24,23,38,29 22 37,23 23 38,37 24 38 25 27,26,28 26 27 27 28 29 30,31 30 31,32 33 35,37,34,36 35 37 36 45,37,46 37 39,46,38 38 39,42,40 39 42,41,46 40 42 41 46,48,47,43,42,51 42 51 43 47,49,46,44 44 45,46 45 46 47 48,49,50 48 51,53,50 51 52,53 52 54,53 53 54
setup_map wastelands 3 26 32 33 52
settings starting_regions 5 6 16 21 28 29 36 40 45 47 51
settings starting_pick_amount 4
