settings timebank 10000
settings time_per_move 500
settings max_rounds 187
settings your_bot player2
settings opponent_bot player1
setup_map super_regions 1 3 2 4 3 3 4 5 5 4 6 6 7 2 8 5 9 3 10 3 11 2 12 3 13 3 14 5 15 2 16 4
setup_map regions 1 1 2 1 3 1 4 1 5 2 6 2 7 2 8 2 9 2 10 3 11 3 12 3 13 3 14 4 15 4 16 4 17 4 18 4 19 4 20 4 21 5 22 5 23 5 24 5 25 5 26 6 27 6 28 6 29 6 30 6 31 6 32 7 33 7 34 7 35 7 36 8 37 8 38 8 39 8 40 8 41 8 42 9 43 9 44 9 45 9 46 10 47 10 48 10 49 10 50 11 51 11 52 11 53 11 54 12 55 12 56 12 57 12 58 12 59 13 60 13 61 13 62 13 63 13 64 14 65 14 66 14 67 14 68 14 69 15 70 15 71 15 72 16 73 16 74 16 75 16
setup_map neighbors 1 14,3,2,15,4 2 4,32,33 3 14,4 4 14,18,33 5 6,7,16 6 10,7 7 8,23,9,17,13,16,10 8 23,13 9 23,17 10 11,13 11 12,21,13 12 21,22 13 21,23,24 14 17,15,18 16 17 17 18,19 18 19,20,33,35 20 35 21 24,22,28 22 26,28 23 25,24 24 25 26 28,27 27 29,28 28 29,30,42 29 43,30,36,31,38 30 43,42 31 36 32 33,34 33 34,35 34 35 36 37,38 37 39,38 38 43,59,39,40,45 39 40 40 41,59 41 73,72,69,59 42 43,44,45,46 43 45 44 46,45,48 45 48,59,61 46 48,47,49 47 49 48 61,49 49 61,62,60 50 52,55,51 51 52,65,64 52 55,64,53,66 53 57,55,66,67,58 54 55,56 55 57,56 56 57 57 58 59 61,72 60 62,65 61 63,62,72 62 65,63 63 72,75 64 66,65 65 66,68 66 67,68 69 71,73,70 71 73 72 73,74,75 73 74,75 74 75
setup_map wastelands 4 17 32 37 53 60 61 63
settings starting_regions 1 9 13 19 24 29 35 36 44 49 52 57 59 64 69 73
settings starting_pick_amount 6
