settings timebank 10000
settings time_per_move 500
settings max_rounds 142
settings your_bot player2
settings opponent_bot player1
setup_map super_regions 1 3 2 3 3 4 4 4 5 2 6 4 7 5 8 3 9 4 10 2 11 3 12 3
setup_map regions 1 1 2 1 3 1 4 1 5 2 6 2 7 2 8 2 9 2 10 3 11 3 12 3 13 3 14 3 15 4 16 4 17 4 18 4 19 5 20 5 21 5 22 5 23 5 24 6 25 6 26 6 27 6 28 6 29 6 30 7 31 7 32 7 33 7 34 7 35 7 36 8 37 8 38 8 39 8 40 8 41 8 42 9 43 9 44 9 45 9 46 9 47 10 48 10 49 10 50 10 51 11 52 11 53 11 54 11 55 12 56 12 57 12
setup_map neighbors 1 3,4,2 2 3 3 5,15,6,16,4 4 15 5 6,7 6 16,7 7 9,25,8,16 8 9 9 25 10 11,14,20 11 14,12 12 13,14 13 19,14,22 14 19,20,21 15 16,26,17,18 16 24,25,18 18 24,26,27 19 22,21 20 21,30,28 21 22 22 23 24 29,25,27,28 25 28 26 27 27 29 28 29 29 36 30 31 31 42,32,33,34,43,35 32 33 33 35 34 51,43,35 35 51,52 36 37,38 37 38,40 38 41,40,48,47 39 40 40 41,48,55 41 48 42 43 43 44,47,51,45 44 50,53,46,49,45,47 45 51,53 46 57,49,53 47 50,49,48 48 49,56,55 49 57,50,56 51 54,53,52 52 54 53 54 55 56 56 57
setup_map wastelands 12 28 34 45 54
settings starting_regions 3 9 11 15 22 25 32 39 46 47 52 55
settings starting_pick_amount 5
