settings timebank 10000
settings time_per_move 500
settings max_rounds 190
settings your_bot player2
settings opponent_bot player1
setup_map super_regions 1 3 2 5 3 1 4 4 5 6 6 0 7 0 8 2 9 1 10 4 11 3 12 3 13 3 14 3 15 4 16 0 17 1 18 0 19 3 20 0 21 2
setup_map regions 1 1 2 1 3 1 4 2 5 2 6 2 7 2 8 2 9 3 10 3 11 4 12 4 13 4 14 4 15 4 16 5 17 5 18 5 19 5 20 5 21 5 22 5 23 6 24 6 25 7 26 7 27 8 28 8 29 8 30 9 31 9 32 10 33 10 34 10 35 10 36 10 37 11 38 11 39 11 40 11 41 12 42 12 43 12 44 12 45 13 46 13 47 13 48 13 49 13 50 14 51 14 52 14 53 14 54 15 55 15 56 15 57 15 58 15 59 15 60 16 61 16 62 17 63 17 64 17 65 18 66 18 67 19 68 19 69 19 70 19 71 19 72 20 73 20 74 21 75 21 76 21
setup_map neighbors 1 3,25,2 2 4,27,25 3 17,25 4 32,27,6,5 5 6 6 31,32,30,9,7 7 9,8,14,30 8 14,15,12,10,9 9 10 10 12,11 11 13,12,24 12 37,13,15 13 38,24,37 14 30,41,15 15 50,40,37,41 16 17,18 17 26,19,25,20,18 18 21,22,19,20 19 20 20 45,21,46,22,26 21 22 22 46,54 23 24 24 39,38 25 28,27,26,45 26 45 27 28,33,32,29 28 29,45 29 34,45,48,33 30 31,41,35 31 32,35,34 32 33,34 33 34 34 35,48 35 42,36,41,61,60,48 36 42,61 37 38,40 38 40,39 40 50 41 42,50 42 61,43,44,50 43 44,65,51,50,52 44 61,65,69 45 47,48,46 46 47,54,49,57,56,55 47 49,48 48 62,49,60,63 49 57,62,63 50 51,53,52 51 52 52 53,65 54 55,72 55 75,56,57,74,72 56 57 57 63,75,58,76 58 59,63,64,76 59 76,64,67 60 63,61,67 61 68,67,69 62 63 63 67,64 64 67 65 66,69 66 69,70 67 68,69,70,71 68 69 69 70 70 71 72 73,74 73 74 74 76,75 75 76
setup_map wastelands 1 15 19 20 27 33 60 67 70
settings starting_regions 3 7 9 13 21 23 25 29 31 35 38 43 46 53 56 61 64 66 68 73 76
settings starting_pick_amount 8
