settings timebank 10000
settings time_per_move 500
settings max_rounds 112
settings your_bot player1
settings opponent_bot player2
setup_map super_regions 1 5 2 2 3 3 4 3 5 2 6 5 7 2 8 5 9 1 10 3
setup_map regions 1 1 2 1 3 1 4 1 5 1 6 1 7 1 8 2 9 2 10 2 11 2 12 2 13 3 14 3 15 3 16 4 17 4 18 4 19 4 20 5 21 5 22 5 23 6 24 6 25 6 26 6 27 6 28 7 29 7 30 7 31 7 32 8 33 8 34 8 35 8 36 8 37 8 38 9 39 9 40 9 41 10 42 10 43 10 44 10 45 10
setup_map neighbors 1 2 2 3,5,13 3 4,8,5 4 5,10,11,7,8,16,6 5 15,6,13,14 6 16,15 7 20,16,12,11,10,21,18 8 9,10 9 10 10 12,11,20 12 20 13 14 14 17,15,16 15 16 16 19,17,18 17 19 18 19,21 19 30,33,29,21,32 20 28,21,29,22 21 29 22 28 23 25,34,35,26,32 24 26 25 26 26 38,35,27,39 27 35,39,36,40 28 29,31 29 30,31 30 33 32 33,34 33 37,36,34 34 36,35 35 36 36 42,37,40 37 41,42 38 39 39 40 40 42,45 41 42,44,43 42 44,45 43 44
setup_map wastelands 15 17 35 37 38
settings starting_regions 6 9 14 19 21 24 31 36 40 45
settings starting_pick_amount 4
