settings timebank 10000
settings time_per_move 500
settings max_rounds 182
settings your_bot player2
settings opponent_bot player1
setup_map super_regions 1 4 2 5 3 4 4 1 5 2 6 1 7 3 8 6 9 1 10 1 11 6 12 1 13 5 14 4 15 1 16 1 17 1 18 0 19 4
setup_map regions 1 1 2 1 3 1 4 1 5 1 6 1 7 1 8 2 9 2 10 2 11 2 12 2 13 3 14 3 15 3 16 3 17 3 18 3 19 4 20 4 21 5 22 5 23 5 24 6 25 6 26 6 27 7 28 7 29 7 30 7 31 7 32 8 33 8 34 8 35 8 36 8 37 8 38 9 39 9 40 10 41 10 42 11 43 11 44 11 45 11 46 11 47 11 48 11 49 12 50 12 51 13 52 13 53 13 54 13 55 13 56 14 57 14 58 14 59 14 60 14 61 14 62 15 63 15 64 16 65 16 66 17 67 17 68 18 69 18 70 19 71 19 72 19 73 19
setup_map neighbors 1 2,5 2 3,19,4,5 3 4,8 4 19,8,7,27,6 5 19,33 6 8,12,27,7 7 27 8 9,12 9 10,12 10 12,11,17,16 11 13,16 12 28,27,17,40,29 13 15,16,18 14 21,15 15 18,21,24 16 18,17 17 18,40,51,42 18 42,25,24 19 38,20,27,32,33 20 27,49,38 21 22,24,23,26 22 23 23 26,45 24 26,42,25 25 42 26 42,43,45 27 28,50,30,49 28 29,30 29 40,30,41 30 31,50,49,41 31 64,55,49,57,66,65,41 32 34,39,33,38,36 34 35,36 35 36,56,37 36 56,39 37 56,59,61 38 49,39,57 39 56,57 40 51,41 41 53,51,52,55 42 44,51,43 43 47,44,45 44 46,47,62,48,51 45 47 46 62,51 47 48 48 68,63,62 49 50,57 51 62,52 52 54,53,62 53 55,54 54 63,55,62,71 55 66,72,73,71 56 57,59,58 57 58,64 58 60,59,64 59 61,60 60 64,65,67,66,61 61 67 62 63 63 70,68,71 64 65 65 66 66 72,73,67 68 70,69 69 70 70 71 71 73 72 73
setup_map wastelands 22 26 37 50 51 53 59 63 65
settings starting_regions 4 10 13 19 21 24 30 34 39 41 48 49 55 60 62 64 66 69 73
settings starting_pick_amount 8
