settings timebank 10000
settings time_per_move 500
settings max_rounds 152
settings your_bot player2
settings opponent_bot player1
setup_map super_regions 1 4 2 3 3 4 4 5 5 2 6 7 7 2 8 4 9 5 10 3 11 4 12 1 13 2
setup_map regions 1 1 2 1 3 1 4 1 5 1 6 1 7 2 8 2 9 2 10 2 11 3 12 3 13 3 14 3 15 3 16 3 17 3 18 4 19 4 20 4 21 4 22 4 23 4 24 5 25 5 26 5 27 6 28 6 29 6 30 6 31 6 32 6 33 6 34 7 35 7 36 7 37 7 38 8 39 8 40 8 41 8 42 9 43 9 44 9 45 9 46 9 47 10 48 10 49 10 50 10 51 10 52 11 53 11 54 11 55 11 56 12 57 12 58 12 59 13 60 13 61 13
setup_map neighbors 1 5,2,4 2 3,4,6,24 3 7,6,9 4 24,5 6 9,25,24 7 8,9 8 9,10 9 25,10 11 14,13,12 12 13 13 18,20,16,15,14 14 15,17 15 20,39,16,38,17 16 20 17 39 18 19,20,21 19 21,20 20 22,21,38,23 21 23,34 22 23,38 23 38,47,52 24 25 25 26,27 26 27 27 29,31 28 30,29,34 29 31,43,44,32,30 30 42,32,36,34 31 33,44 32 43,42 34 36,35 35 36 36 42,56,37 37 56,47 38 39,41,52 39 53,40,41 41 52,53 42 57,43,45,58,56 43 44,46,45 45 58,46 47 52,49,55,48 48 49 49 55,50,51 50 55,60 52 55,53 53 55,54 54 55,60,59,61 55 60 56 58,57 57 58 59 61 60 61
setup_map wastelands 15 22 41 46 47
settings starting_regions 6 9 13 21 25 31 35 40 42 50 54 58 60
settings starting_pick_amount 6
