settings timebank 10000
settings time_per_move 500
settings max_rounds 132
settings your_bot player2
settings opponent_bot player1
setup_map super_regions 1 5 2 1 3 4 4 6 5 1 6 1 7 5 8 4 9 3 10 5 11 3 12 2
setup_map regions 1 1 2 1 3 1 4 1 5 1 6 1 7 2 8 2 9 2 10 3 11 3 12 3 13 3 14 3 15 3 16 4 17 4 18 4 19 4 20 4 21 4 22 5 23 5 24 5 25 6 26 6 27 6 28 7 29 7 30 7 31 7 32 7 33 8 34 8 35 8 36 8 37 8 38 9 39 9 40 9 41 10 42 10 43 10 44 10 45 10 46 11 47 11 48 11 49 11 50 11 51 12 52 12 53 12
setup_map neighbors 1 2,4,7 2 5,4,3,6 4 9,5,7 5 10,9,6,11 6 11 7 9,8 8 9 9 10,12 10 13,11,14,15,28,12 11 15 12 28,22 13 14,28 14 15,29,28,46,31 15 46 16 17,19,20,41 17 21,20,18 18 22,21,51,23 19 41 20 21,41 21 51,43,44,45,41 22 28,23 23 28,24,51 24 30,53,51,52,28 25 27,33,34,26 26 39,36,40,34 27 34,33 28 29,30,32 29 32,31 30 32,53 31 46,48,32 32 53,48 33 35,36,34 34 36 35 36,50,47,48 36 40,37,50 37 40,50 38 39 39 40 41 42,43,44 42 44 43 44 44 45 45 51,52 46 47,49,48 47 48,49 48 49,50 51 52 52 53
setup_map wastelands 2 27 29 47 51 52
settings starting_regions 5 8 11 18 24 26 28 34 39 41 46 53
settings starting_pick_amount 5
