settings timebank 10000
settings time_per_move 500
settings max_rounds 202
settings your_bot player2
settings opponent_bot player1
setup_map super_regions 1 1 2 2 3 4 4 4 5 3 6 2 7 3 8 3 9 3 10 5 11 3 12 4 13 5 14 6 15 4 16 3 17 1 18 3
setup_map regions 1 1 2 1 3 1 4 2 5 2 6 2 7 2 8 3 9 3 10 3 11 3 12 4 13 4 14 4 15 4 16 4 17 5 18 5 19 5 20 5 21 6 22 6 23 6 24 6 25 7 26 7 27 7 28 7 29 8 30 8 31 8 32 8 33 9 34 9 35 9 36 10 37 10 38 10 39 10 40 10 41 10 42 10 43 11 44 11 45 11 46 11 47 12 48 12 49 12 50 12 51 12 52 12 53 13 54 13 55 13 56 13 57 13 58 14 59 14 60 14 61 14 62 14 63 14 64 14 65 15 66 15 67 15 68 15 69 15 70 16 71 16 72 16 73 16 74 16 75 17 76 17 77 17 78 18 79 18 80 18 81 18
setup_map neighbors 1 3,13,12,2 2 6,3,4 3 6,13,14 4 5,6 5 10,8,9,6 6 11,14,7,10,29 7 11,28,29 8 9 9 10,25,27,26,11 10 11 11 26,28 12 13,21,15,22 13 14,16,15 14 29,16,30 15 37,22,44,16,43,41,24 17 19,22,23,20 18 20,36,19 19 20 20 23,38,40,39,24,36 21 22 22 24,23 23 24 24 41,37,40 25 33,26,28,32,27 26 28 27 33 28 31,29,32 29 30,31 30 43,53,31 31 58,54,34,59,32 32 33,34 33 34 34 59,35 35 59,61 36 38 37 41 38 39,49 39 49,40,41 40 41 41 45,42,44 42 45 43 53,44 44 53,45 45 46,55 47 70,48 48 72,49,50,75,70 49 50 50 75,52 51 52 52 75 53 54,55 54 58,55,56,57,62 55 56 56 57,78 57 62,78 58 59,62 59 60,61,62 60 62 61 64,63,62 62 63,78 63 64,79,78 64 79 65 66 66 71,67 67 68,72,73,69,71 68 74,69 69 73,74 70 72,71 71 72 72 73,75,76 73 76,74,77 75 77,76 76 77 78 80,79 79 81,80 80 81
setup_map wastelands 8 10 28 41 42 45 47 79
settings starting_regions 2 7 11 15 17 23 27 29 35 40 46 49 56 63 65 74 75 78
settings starting_pick_amount 8
