settings timebank 10000
settings time_per_move 500
settings max_rounds 175
settings your_bot player2
settings opponent_bot player1
setup_map super_regions 1 4 2 2 3 3 4 2 5 4 6 4 7 3 8 2 9 6 10 5 11 5 12 5 13 1 14 5 15 4
setup_map regions 1 1 2 1 3 1 4 1 5 2 6 2 7 2 8 2 9 3 10 3 11 3 12 3 13 4 14 4 15 4 16 4 17 5 18 5 19 5 20 5 21 5 22 6 23 6 24 6 25 6 26 7 27 7 28 7 29 7 30 7 31 8 32 8 33 8 34 9 35 9 36 9 37 9 38 9 39 9 40 9 41 10 42 10 43 10 44 10 45 10 46 10 47 11 48 11 49 11 50 11 51 11 52 11 53 12 54 12 55 12 56 12 57 12 58 12 59 13 60 13 61 13 62 14 63 14 64 14 65 14 66 14 67 15 68 15 69 15 70 15
setup_map neighbors 1 3,4,13,2 2 13,8,5 3 4,27,13 5 6,7,8 6 17,7 7 17,16,8,14,13 8 13 9 10 10 19,11,21,12,18 11 23,12 12 21,42,41,23 13 14,15,27 14 16,32,54,29,15,53 15 27,29 16 17,20,31,32 17 19,18,20 18 19 19 21,20 20 21,31 21 33,31,42 22 23 23 24,25,41 24 25 25 44,41 26 28 27 29,30 28 30,35,47 29 53,34,30 30 35,34 31 32,33 32 59,33,54,55,60 33 42,61,59,45,62 34 53,36,35 35 36,47 36 53,56,37,47,48 37 48,38,56,50,58,39,40,51 38 39,40,52 39 58 40 51,52 41 43,44,42 42 43,45 43 46,44,45 45 62 46 62 47 48 48 50,49,51 49 51 50 51 51 52 53 54,57,56 54 55,57 55 60,57 56 58,57 57 60,58 58 68,67,60 59 60,61 60 63,64,67,61 61 62,63,65 62 65,66,64 63 64,65 64 65,69,70,66,67 66 70 67 69,68 69 70
setup_map wastelands 7 17 31 50 54 55
settings starting_regions 3 5 10 16 18 25 28 33 39 43 47 58 60 62 70
settings starting_pick_amount 6
