settings timebank 10000
settings time_per_move 500
settings max_rounds 165
settings your_bot player1
settings opponent_bot player2
setup_map super_regions 1 5 2 2 3 2 4 3 5 4 6 5 7 4 8 6 9 3 10 4 11 3 12 6 13 2 14 3
setup_map regions 1 1 2 1 3 1 4 1 5 1 6 2 7 2 8 2 9 2 10 3 11 3 12 3 13 4 14 4 15 4 16 4 17 4 18 5 19 5 20 5 21 5 22 5 23 6 24 6 25 6 26 6 27 6 28 7 29 7 30 7 31 7 32 8 33 8 34 8 35 8 36 8 37 8 38 8 39 9 40 9 41 9 42 9 43 10 44 10 45 10 46 10 47 10 48 11 49 11 50 11 51 11 52 11 53 12 54 12 55 12 56 12 57 12 58 12 59 13 60 13 61 13 62 14 63 14 64 14 65 14 66 14
setup_map neighbors 1 6,7,2 2 3,7 3 4,18,7 4 9,7,5,18,8,19 5 19,20,9 6 10,7,8 7 8 8 11,12,9,10 9 12,23,20 10 11 11 12 12 23,24 13 15,14 14 17,16,15 15 17,29,32,33 16 17,39,24 17 40,39,33,34 18 19,21 19 22,21,20 20 23,27,22 21 22 22 27,44,45,43 23 24,25,27 24 26 25 27,26 26 39,41 27 46,44 28 29,32,30,31,35 29 32 31 35,36,59 32 33,36,35 33 36,34,37,48,50 34 48,40 35 36 36 59,38,37,60 37 60,52,50 38 60 39 40,41,42,53,49 40 48,49 41 53 42 49,53 43 45,63,62,64,44,46 44 46,45 46 54,56,65,47,64,53 47 65,64 48 50,49 49 55,50,57,53 50 51,52,57 51 57,52 53 54,55,56 54 56 55 56,57,58 56 58,65,64 57 58 59 61,60 60 61 62 63 63 64,66 64 66,65
setup_map wastelands 7 9 28 33 53 54 59
settings starting_regions 5 8 11 17 19 24 29 37 40 47 49 55 60 64
settings starting_pick_amount 6
