settings timebank 10000
settings time_per_move 500
settings max_rounds 162
settings your_bot player1
settings opponent_bot player2
setup_map super_regions 1 1 2 3 3 1 4 5 5 2 6 3 7 4 8 1 9 4 10 2 11 5 12 1 13 6 14 3 15 2 16 4
setup_map regions 1 1 2 1 3 1 4 2 5 2 6 2 7 2 8 3 9 3 10 3 11 4 12 4 13 4 14 4 15 4 16 4 17 4 18 5 19 5 20 5 21 5 22 6 23 6 24 6 25 7 26 7 27 7 28 7 29 8 30 8 31 8 32 9 33 9 34 9 35 9 36 10 37 10 38 10 39 11 40 11 41 11 42 11 43 11 44 11 45 12 46 12 47 12 48 12 49 13 50 13 51 13 52 13 53 13 54 13 55 14 56 14 57 14 58 15 59 15 60 15 61 15 62 16 63 16 64 16 65 16
setup_map neighbors 1 4,2,3 2 3 3 4,11,6 4 5,6 5 26,7,6,11 6 11 7 11,27,26 8 18,20,10,9 9 10 10 29,20 11 25,27,12,13 13 14,22,25 14 25,15,17,16,27,22,32 15 57,17,56,32,35 16 40,17,62,27 17 56,62 18 20,19 19 20,37,36,38,21,45 20 21,29 21 30,49,29,37 22 24,23,32 23 24 24 32 25 27 26 27,39,28 27 40,28 28 40,41,39 29 30 30 31,58,49 31 59,58 32 33,34,35 33 45,34,55,35 34 35 35 57,55 36 38,37,45 37 51,49,38,52 39 42,41 40 41,62,43 41 44,43,42 42 44 43 44,62 44 63,62 45 47,48,55 46 55,57,47 47 55,48 49 51,50,53,58 50 51,60,61,58,53,54 51 52,54,53 55 57 56 57,62,65,64 57 65 58 59,60 59 60 60 61 62 63,64 63 64 64 65
setup_map wastelands 21 26 34 36 43 48 54
settings starting_regions 3 5 9 13 18 24 28 30 32 38 40 45 51 57 61 65
settings starting_pick_amount 6
