settings timebank 10000
settings time_per_move 500
settings max_rounds 185
settings your_bot player1
settings opponent_bot player2
setup_map super_regions 1 4 2 4 3 3 4 5 5 2 6 0 7 0 8 3 9 3 10 4 11 2 12 6 13 0 14 1 15 3 16 0 17 4 18 6 19 1
setup_map regions 1 1 2 1 3 1 4 1 5 2 6 2 7 2 8 2 9 2 10 3 11 3 12 3 13 3 14 4 15 4 16 4 17 4 18 4 19 4 20 5 21 5 22 5 23 5 24 6 25 6 26 7 27 7 28 8 29 8 30 8 31 8 32 8 33 9 34 9 35 9 36 9 37 10 38 10 39 10 40 10 41 10 42 10 43 11 44 11 45 11 46 12 47 12 48 12 49 12 50 12 51 12 52 13 53 13 54 14 55 14 56 14 57 15 58 15 59 15 60 15 61 16 62 16 63 17 64 17 65 17 66 17 67 18 68 18 69 18 70 18 71 18 72 18 73 19 74 19
setup_map neighbors 1 5,3,2,4 2 4,24 3 37,4,5,7,28,43,6,8 4 24,37,38 5 6,7 6 13,7,10,8 8 28,13,9 9 30,29,28,33,54,13 10 11,13 11 12,20,13 12 21,14,20 13 33,20 14 16,15,21 15 17,16 16 21,18,23,17 17 19,18 18 46,34,19,23 19 46 20 21,22,34,33 21 22,23 22 34,23 23 34 24 27,38,26,25 25 38,39,27 26 27 27 39 28 43,29 29 30,43 30 31,43,54 31 44,32,45,54,68,56,43 32 56,70,67,68 33 35,34,54 34 52,35,53,36,46 35 54,36 36 53,55,54 37 43,38 38 43,39,44,40 39 40,42,41 40 44,42 41 42,63,64 42 44,45,64 43 44 44 45 45 64,68 46 49,53,48,47,52 47 49 48 53 49 51,53,50 50 51,53,59,73 52 53 53 57,55,59 54 56,55 55 61,57,56 56 61,67 57 59,58,61 58 59,61,62 59 73,60,74,62 60 62,74,71,67,61 61 62,67 63 64,65 64 66,69,65,68 65 66 66 69 67 71,70 68 69,70,71,72 69 72 70 71 71 72 73 74
setup_map wastelands 21 30 31 41 44 54 58 69 72
settings starting_regions 1 8 10 14 23 25 27 32 35 38 43 48 53 56 59 62 63 67 73
settings starting_pick_amount 8
