settings timebank 10000
settings time_per_move 500
settings max_rounds 195
settings your_bot player2
settings opponent_bot player1
setup_map super_regions 1 3 2 3 3 3 4 5 5 6 6 7 7 3 8 2 9 4 10 2 11 2 12 3 13 4 14 3 15 3 16 4 17 3
setup_map regions 1 1 2 1 3 1 4 1 5 2 6 2 7 2 8 3 9 3 10 3 11 4 12 4 13 4 14 4 15 4 16 5 17 5 18 5 19 5 20 5 21 5 22 6 23 6 24 6 25 6 26 6 27 6 28 6 29 7 30 7 31 7 32 7 33 7 34 8 35 8 36 8 37 8 38 9 39 9 40 9 41 9 42 9 43 10 44 10 45 10 46 10 47 11 48 11 49 11 50 11 51 12 52 12 53 12 54 12 55 12 56 13 57 13 58 13 59 13 60 13 61 14 62 14 63 14 64 15 65 15 66 15 67 16 68 16 69 16 70 16 71 16 72 16 73 17 74 17 75 17 76 17 77 17 78 17
setup_map neighbors 1 2,3 2 4,3 3 4 4 29,30,7 5 6 6 34,7,35,30,36 7 30 8 9,23 9 10,16,23,20,18 10 18,20 11 12,39,40,13 12 13 13 40,14,15 14 15 15 40,64,63,42,73 16 18 17 18 18 20,19,43 19 43 20 21,25,44,43,23,46 21 43,46 22 24,23 23 25,24 24 26,25,33,56,31 25 28,26,27,44 26 56,28,59,58 27 58,67,69,44,28 28 58 29 31,30,32 30 34,32,37 31 33,48,47,32 32 48,37,52,54 33 47,57 34 36,37 35 37,36,51 36 37 37 51,52 38 39,40 39 40 40 42,41 41 61,42 42 63,62,61 43 45,46 44 67,46 45 46 46 71,68,67 47 48,57 48 49,57,50,54 49 50,57 50 54 51 53,52 52 54,53 53 54 54 55 56 57,60,59 57 60 58 69,60,59 59 60 61 74,62,63,75,73 62 63 63 73 64 65,73 65 66,73 66 70 67 68,69 68 71,69,72 70 71 71 72 73 77,76,75 74 76,78,75 75 76 76 78,77
setup_map wastelands 21 34 50 51 59 73 75
settings starting_regions 2 6 10 13 18 27 30 37 41 45 49 52 57 63 66 72 77
settings starting_pick_amount 6
