settings timebank 10000
settings time_per_move 500
settings max_rounds 165
settings your_bot player2
settings opponent_bot player1
setup_map super_regions 1 5 2 3 3 4 4 3 5 2 6 1 7 4 8 3 9 2 10 3 11 2 12 3 13 3 14 2 15 2
setup_map regions 1 1 2 1 3 1 4 1 5 1 6 1 7 1 8 2 9 2 10 2 11 2 12 3 13 3 14 3 15 3 16 3 17 3 18 4 19 4 20 4 21 4 22 5 23 5 24 5 25 6 26 6 27 6 28 7 29 7 30 7 31 7 32 8 33 8 34 8 35 8 36 8 37 9 38 9 39 9 40 9 41 10 42 10 43 10 44 10 45 10 46 11 47 11 48 11 49 12 50 12 51 12 52 12 53 12 54 12 55 13 56 13 57 13 58 13 59 14 60 14 61 14 62 14 63 15 64 15 65 15 66 15
setup_map neighbors 1 2,5 2 6,3,5,4,7 3 4 4 18,7 5 7,10,6 6 7 7 18,30,10 8 9,10 9 10,11 10 28,11,29,30 11 28,27,25 12 22,24,13 13 14,16,15,24,49,51 14 16,34 15 16,49 16 52,49,17,34 18 20,19,30,21 19 30,46,20 20 21,46 22 23,24 23 24 24 51,50 25 37,26,27 26 55,59,37,27 27 28,55 28 55,47,29,31,30 29 30 30 46,31 31 46,47 32 41,33,42,36 33 43,36,35,34,42,44 34 35 35 43 36 42 37 38,59,41 38 59,39,41 39 59,60,42,40,43,41 40 60,43 41 42 42 44,43 43 45,44 46 48,47 47 55,56,48 49 52,51 50 51 51 52,53 52 53 53 54 55 57,58,59,56 56 64,58 57 59,58,63 58 63,64,65 59 63,61,60 60 61 61 63,65,62 62 63,65 63 65 64 66,65
setup_map wastelands 7 10 23 35 52 54 64
settings starting_regions 5 8 12 18 22 27 28 34 37 42 47 51 55 59 65
settings starting_pick_amount 7
