settings timebank 10000
settings time_per_move 500
settings max_rounds 120
settings your_bot player2
settings opponent_bot player1
setup_map super_regions 1 6 2 2 3 4 4 2 5 2 6 2 7 3 8 3 9 2 10 5 11 5
setup_map regions 1 1 2 1 3 1 4 1 5 1 6 1 7 1 8 2 9 2 10 2 11 3 12 3 13 3 14 3 15 4 16 4 17 4 18 4 19 5 20 5 21 5 22 6 23 6 24 6 25 7 26 7 27 7 28 7 29 7 30 8 31 8 32 8 33 8 34 9 35 9 36 9 37 10 38 10 39 10 40 10 41 10 42 10 43 11 44 11 45 11 46 11 47 11 48 11
setup_map neighbors 1 22,2,5,4,6,23,3 2 8,4,5 3 22 4 10,13,14,8,7,6,5 6 7,32,24,23 7 14,30,32 8 9,10 9 11,10 10 13,12,11 11 15,12 12 15,13 13 31,15,30,14 14 30 15 19,16,20,21,18,31 16 21,17,18 17 21,25,18 18 25,31,26,30 19 20 20 21 22 23 23 24 24 32,33 25 28,27,26 26 30,37,27 27 28,39,37,38 28 29,39,40 30 31,34,37,32 32 34,33,35 33 36,35 34 35,43,37,36 35 36 36 43,45,46 37 38,43,44 38 41,44,39 39 40,41 40 42,41 41 42,44,48,47 43 44,45 44 45,47,46 45 46 46 47 47 48
setup_map wastelands 14 24 25 37 41
settings starting_regions 1 10 13 18 19 23 28 31 34 39 43
settings starting_pick_amount 5
