settings timebank 10000
settings time_per_move 500
settings max_rounds 117
settings your_bot player2
settings opponent_bot player1
setup_map super_regions 1 1 2 3 3 2 4 4 5 2 6 3 7 1 8 2 9 4 10 3 11 3
setup_map regions 1 1 2 1 3 1 4 1 5 2 6 2 7 2 8 2 9 3 10 3 11 3 12 3 13 4 14 4 15 4 16 4 17 5 18 5 19 5 20 5 21 6 22 6 23 6 24 6 25 7 26 7 27 7 28 8 29 8 30 8 31 8 32 8 33 9 34 9 35 9 36 9 37 9 38 9 39 9 40 10 41 10 42 10 43 10 44 10 45 11 46 11 47 11
setup_map neighbors 1 2 2 3,4 3 5,6,4 4 6 5 9,7,6 6 7,21,8,10,9 8 10,24,21,23 9 10,11 10 24,11,12 11 12 12 37,24 13 14,17,15,16,41 14 26,15 15 41,26 16 17,40,19,20,41,43 17 18,19 18 19 19 45,20 20 45,40,46 21 23,22 22 23 23 33,24 24 35,37,36,33 25 26,28,27 26 27,41 27 41,30,28 28 30,31,29 29 31 30 32,41,42,31 31 32 33 34,35 34 38,36,37,35,39 35 36 36 37 37 39 38 47 40 44,46,43 41 43,42 42 44,43 43 44 44 46 45 47,46 46 47
setup_map wastelands 6 11 13 23 32
settings starting_regions 4 5 9 15 20 22 27 29 39 44 47
settings starting_pick_amount 4
