settings timebank 10000
settings time_per_move 500
settings max_rounds 172
settings your_bot player1
settings opponent_bot player2
setup_map super_regions 1 3 2 4 3 3 4 2 5 4 6 4 7 3 8 6 9 2 10 2 11 1 12 4 13 1 14 5 15 6 16 3
setup_map regions 1 1 2 1 3 1 4 1 5 2 6 2 7 2 8 2 9 2 10 3 11 3 12 3 13 3 14 4 15 4 16 4 17 4 18 5 19 5 20 5 21 5 22 6 23 6 24 6 25 6 26 7 27 7 28 7 29 8 30 8 31 8 32 8 33 8 34 8 35 8 36 9 37 9 38 9 39 10 40 10 41 10 42 10 43 11 44 11 45 11 46 12 47 12 48 12 49 12 50 13 51 13 52 13 53 14 54 14 55 14 56 14 57 14 58 14 59 15 60 15 61 15 62 15 63 15 64 15 65 15 66 16 67 16 68 16 69 16
setup_map neighbors 1 3,2 2 5,3,9,4,29 3 4 4 29,31 5 6,7,10,8,9 6 10 7 8,10 8 9,30,24,10 9 30,29 10 11,13,22,24 11 12,22 12 23,22 13 22,24 14 15 15 28,17,16,18,26,27 16 18,17 17 39,44,46,21,40,18,27 18 19,21,20 19 20 20 39,21,41 21 39 22 23,24 23 24,25,36 24 25 26 27,28 27 36,43,28,44 29 30,33,32,31 30 32 31 33 32 33,51,35,34,50 33 34,60,59 34 35,59 35 51,59 36 38,37,43 37 38 38 45,54,43 39 40,41,42 40 42,46 41 42,47 42 47,46 43 44,45 44 46,45 45 54,46,53 46 53,48,55,47 47 49,48 48 55 50 52,51 51 52,59 52 66,62,59 53 55,57,54 54 56,57 55 58,57 57 58 59 62,61,60 60 61,63 61 62,68,63,64,65 62 66,68 63 64,65 64 65 66 67,68 67 68,69 68 69
setup_map wastelands 8 13 16 20 29 39 53
settings starting_regions 2 7 12 15 18 23 26 31 36 42 43 46 52 58 60 69
settings starting_pick_amount 7
