settings timebank 10000
settings time_per_move 500
settings max_rounds 142
settings your_bot player2
settings opponent_bot player1
setup_map super_regions 1 1 2 3 3 5 4 4 5 6 6 3 7 4 8 1 9 5 10 3 11 2 12 2 13 5
setup_map regions 1 1 2 1 3 1 4 2 5 2 6 2 7 2 8 2 9 3 10 3 11 3 12 3 13 3 14 4 15 4 16 4 17 4 18 4 19 5 20 5 21 5 22 5 23 5 24 5 25 6 26 6 27 6 28 6 29 6 30 7 31 7 32 7 33 7 34 8 35 8 36 8 37 9 38 9 39 9 40 9 41 9 42 10 43 10 44 10 45 11 46 11 47 11 48 11 49 12 50 12 51 12 52 12 53 13 54 13 55 13 56 13 57 13
setup_map neighbors 1 10,9,3,2 3 10 4 5,6 5 11,9,7,6 6 7 7 11,15,8 8 13,31,28,11,25 9 10,11 10 11,12,13,21,30 11 13 12 21 13 30,31,32 14 16,17,15,25,18,26 16 18,35,17 18 26,35 19 20,22 20 22 21 22,37,30,38 22 23,38,37 23 24,40,39,38 24 40 25 27,26 26 49,35,27,50 27 28,50,31,54,29 28 31 29 54,51,50,55 30 32,45,53 31 33,54,55,32 32 53,33 33 53,55 34 36,35,43 35 42,49,36 36 42,43 37 38 38 39,47,45 39 47,40 40 41,47,48 42 49,44,43 43 44 44 52,49 45 46,53,47 46 57,47,56,53 47 48 49 50,52 50 51,52 51 55,52 53 56,57,55 54 55 55 57 56 57
setup_map wastelands 3 20 26 27 28 45
settings starting_regions 1 7 12 15 19 29 30 35 40 42 46 51 53
settings starting_pick_amount 6
