settings timebank 10000
settings time_per_move 500
settings max_rounds 140
settings your_bot player1
settings opponent_bot player2
setup_map super_regions 1 5 2 2 3 6 4 3 5 5 6 5 7 5 8 4 9 1 10 5 11 4
setup_map regions 1 1 2 1 3 1 4 1 5 1 6 1 7 2 8 2 9 2 10 2 11 3 12 3 13 3 14 3 15 3 16 3 17 3 18 4 19 4 20 4 21 5 22 5 23 5 24 5 25 5 26 6 27 6 28 6 29 6 30 6 31 6 32 7 33 7 34 7 35 7 36 7 37 8 38 8 39 8 40 8 41 8 42 8 43 9 44 9 45 9 46 10 47 10 48 10 49 10 50 10 51 10 52 10 53 11 54 11 55 11 56 11
setup_map neighbors 1 2,4,3 2 7,4,5,11,8,9 3 6,14,13,4 4 13,5,11 5 11 6 12,14 7 8 8 9,10 9 11,10 10 21,11,15 11 15,13 12 14,37,16 13 16,14,15,17,23 14 16 15 21,23 16 38,37,17 17 23,39,38 18 19,20,26 19 32,20 20 32,27,26 21 22,23 22 43,25,23 23 25,24,39 24 25,41,39 25 41,54,43,53 26 27,30,29,44 27 32,30,35 28 31,45 29 34,31,30 30 34,35 31 34,36 32 35,33 34 36,35 35 36 37 40,38 38 39,40 39 41,40,42 41 54,42 43 46,53,44 44 46,45 45 46 46 47,53,48,50 47 48,50 48 49,51,50 49 51,52 50 53,51,52,55,54 51 52 52 56,55 53 54 54 55 55 56
setup_map wastelands 16 17 31 44 54
settings starting_regions 3 7 13 20 24 30 35 37 43 49 56
settings starting_pick_amount 5
