settings timebank 10000
settings time_per_move 500
settings max_rounds 195
settings your_bot player2
settings opponent_bot player1
setup_map super_regions 1 2 2 2 3 4 4 5 5 5 6 3 7 4 8 5 9 4 10 6 11 4 12 2 13 4 14 4 15 4 16 3
setup_map regions 1 1 2 1 3 1 4 1 5 2 6 2 7 2 8 3 9 3 10 3 11 3 12 3 13 4 14 4 15 4 16 4 17 4 18 4 19 4 20 5 21 5 22 5 23 5 24 5 25 6 26 6 27 6 28 6 29 6 30 7 31 7 32 7 33 7 34 8 35 8 36 8 37 8 38 8 39 8 40 8 41 9 42 9 43 9 44 9 45 9 46 10 47 10 48 10 49 10 50 10 51 10 52 11 53 11 54 11 55 11 56 12 57 12 58 12 59 12 60 13 61 13 62 13 63 13 64 13 65 13 66 14 67 14 68 14 69 14 70 15 71 15 72 15 73 15 74 15 75 15 76 16 77 16 78 16
setup_map neighbors 1 2,4 2 4,3,20 3 6,20,5 4 23,21,20 5 6,8,11 6 30,20,7,33,11 7 33,24,20 8 9,11 9 10,11,12 10 12 11 31,30,12 12 34,35,32,31 13 14,15 14 15,16 15 16,17 16 18,17,25,27 17 18,19 18 19,27,61,29 19 60,61 20 21,24 21 42,22,23,24 22 23,41,42 24 42,44,33 25 27 26 28,29,27,41 27 29 28 63,62,29,43 29 62,61 30 33,31 31 46,35,40,33,32,38 32 35 33 44,46 34 35,37,38 35 38 36 39,52,37 37 39,38 38 47,48,46,53,40,54,39 39 54,52 40 46 41 43,42 42 43,44,45 43 45,66 44 45,56,57,46 45 56,66 46 48,47,58,57 47 48,53,50,49,57,58,54,51 49 54,55,51 50 59,57,78 51 55 52 54,55 53 54 54 55 56 67,57 57 58,59,67 59 78,76,67 60 61,70,64 61 62,71,64 62 72,63,65,71 63 65 64 71,74,73,70 65 72 66 68 67 69,76,68 68 69 69 77,76 70 73 71 72,74 72 74 73 74,75 76 77,78
setup_map wastelands 3 13 26 43 47 52 63 74
settings starting_regions 1 6 10 15 21 27 31 38 42 49 55 56 65 68 72 76
settings starting_pick_amount 5
