settings timebank 10000
settings time_per_move 500
settings max_rounds 162
settings your_bot player2
settings opponent_bot player1
setup_map super_regions 1 3 2 2 3 4 4 3 5 5 6 3 7 3 8 1 9 3 10 1 11 3 12 5 13 3 14 3 15 4
setup_map regions 1 1 2 1 3 1 4 2 5 2 6 2 7 2 8 3 9 3 10 3 11 3 12 3 13 4 14 4 15 4 16 4 17 4 18 5 19 5 20 5 21 5 22 5 23 5 24 6 25 6 26 6 27 6 28 7 29 7 30 7 31 8 32 8 33 8 34 9 35 9 36 9 37 10 38 10 39 10 40 11 41 11 42 11 43 11 44 11 45 12 46 12 47 12 48 12 49 12 50 13 51 13 52 13 53 13 54 13 55 13 56 14 57 14 58 14 59 14 60 14 61 14 62 15 63 15 64 15 65 15
setup_map neighbors 1 2,4,3 2 3,24,31 3 24,4 4 5,24 5 6,25,24 6 18,25,7 7 18,19 8 9,13,28 9 10,11,28,15,13 10 30,29,50,38,11,12,28 11 15,16,12 12 16,50,45,46,52,47,53 13 14,15 14 16,15 15 16 16 17,34,45 17 34,45 18 20,19,21,25 19 22,20 20 21,23,25,22 21 25 23 26,25,27 24 26,32,31,25 25 26 26 27,32 27 31,41,32 28 29,30 29 30 30 37,38 31 33,41,32 33 41,40 34 40,35,45,42,36 35 40,36,43 36 43,42 37 38,39 38 50,39 39 51,50 40 43,41 41 44,43 42 43,64,49,62,45,48,44 43 44 44 58,63,56,57,62 45 46,47,48 46 47 47 48,55,53 48 49 49 64 50 51,52 51 54,53,52 52 53 53 55,54 54 55 56 57 57 58,59 58 59,61,60,63 59 61 60 63 62 64,63 63 65,64 64 65
setup_map wastelands 2 4 9 12 30 34 60
settings starting_regions 3 7 10 14 18 24 29 31 35 37 43 47 52 58 64
settings starting_pick_amount 5
