settings timebank 10000
settings time_per_move 500
settings max_rounds 122
settings your_bot player1
settings opponent_bot player2
setup_map super_regions 1 3 2 3 3 1 4 6 5 4 6 6 7 4 8 2 9 4 10 3
setup_map regions 1 1 2 1 3 1 4 1 5 1 6 2 7 2 8 2 9 2 10 3 11 3 12 3 13 3 14 4 15 4 16 4 17 4 18 4 19 4 20 5 21 5 22 5 23 5 24 5 25 6 26 6 27 6 28 6 29 6 30 6 31 7 32 7 33 7 34 7 35 7 36 8 37 8 38 8 39 9 40 9 41 9 42 9 43 9 44 9 45 10 46 10 47 10 48 10 49 10
setup_map neighbors 1 3,4 2 4 3 6,4,7 4 5,14,7 5 31,8,7,14 6 8,7,9 7 8 8 31,32,9 9 32 10 11,13,12 11 12,39,20 12 40,13,39 14 15,17,31 15 46,17,16,19,25,26,18,45 16 26,18 17 45,31 18 26,29,19,28 19 46,48,29 20 22,21,39 21 22 22 23,24,39,41,37 24 41 25 26 26 37,36,27,28,38 27 30,38,28 28 30,29 29 30,48 31 45,47,33,32 32 35,34,33 33 47,35 35 47 36 37 37 38 39 41,40 40 42,44,43,41 41 42,43 43 44 45 47,46,48 46 48 47 49,48 48 49
setup_map wastelands 3 23 35 43 47
settings starting_regions 4 8 12 14 20 29 34 36 44 49
settings starting_pick_amount 5
