settings timebank 10000
settings time_per_move 500
settings max_rounds 127
settings your_bot player2
settings opponent_bot player1
setup_map super_regions 1 2 2 3 3 4 4 5 5 4 6 4 7 2 8 4 9 4 10 6
setup_map regions 1 1 2 1 3 1 4 1 5 1 6 2 7 2 8 2 9 2 10 3 11 3 12 3 13 3 14 3 15 4 16 4 17 4 18 4 19 4 20 4 21 5 22 5 23 5 24 5 25 5 26 5 27 6 28 6 29 6 30 6 31 6 32 6 33 7 34 7 35 7 36 7 37 8 38 8 39 8 40 8 41 8 42 9 43 9 44 9 45 9 46 10 47 10 48 10 49 10 50 10 51 10
setup_map neighbors 1 3,2,4 2 4 3 5,4,10 4 8,6,10,11 5 10 6 8,7,9 7 15,9 8 11,9 9 16,15,11 10 12,11 11 13,16,12 12 14,18,16,13 13 16 14 22,18,21,30 15 16,17 16 17,19,18 17 19,20 18 21,19 19 37,20,21,39,38 20 37 21 38,39,22 22 23,24,42,38 23 24,26,25 24 25,42 25 42,45,26 26 30 27 29,28 28 30,31,29 29 32,47,49,31,34 30 46 31 32,46 32 49,51,48,46 33 35 34 35,47 35 36,47 36 49,47 37 38,40 38 44,43,39,40,42 40 44,41 42 45,44 43 44 44 45 46 48,50 47 49 48 51,50 49 51
setup_map wastelands 5 10 20 29 49
settings starting_regions 4 8 13 16 25 28 33 38 44 51
settings starting_pick_amount 4
