settings timebank 10000
settings time_per_move 500
settings max_rounds 112
settings your_bot player2
settings opponent_bot player1
setup_map super_regions 1 3 2 4 3 3 4 4 5 4 6 2 7 4 8 1 9 4 10 3
setup_map regions 1 1 2 1 3 1 4 1 5 1 6 2 7 2 8 2 9 2 10 3 11 3 12 3 13 3 14 4 15 4 16 4 17 4 18 4 19 5 20 5 21 5 22 5 23 5 24 5 25 6 26 6 27 6 28 6 29 7 30 7 31 7 32 7 33 7 34 8 35 8 36 8 37 9 38 9 39 9 40 9 41 9 42 10 43 10 44 10 45 10
setup_map neighbors 1 2,4,6,3 2 4,5,8,11,6 3 4 4 5 5 11,12 6 7,8 7 10,9,8 8 11,9,12 9 10,12 10 13,12,22,25 11 12 12 13,27 14 17,19,16,15,18,21 15 16 16 21,22 17 19,18,20 18 21,20 19 20 20 23,21 21 24,22,23 22 24,34 23 37,24 24 38,37,42 25 26,27 26 27 27 28,31,30 28 29,31 29 31,35,33,34,32 30 32,31 31 32 32 33 33 36,35 34 35,43 35 36 37 38,39 38 39,44,40 39 40,41 40 41,44 42 44,43 43 44,45 44 45
setup_map wastelands 13 24 25 35 41
settings starting_regions 2 8 11 18 23 27 29 34 38 44
settings starting_pick_amount 5
