settings timebank 10000
settings time_per_move 500
settings max_rounds 132
settings your_bot player2
settings opponent_bot player1
setup_map super_regions 1 3 2 4 3 3 4 4 5 3 6 5 7 4 8 5 9 4 10 6
setup_map regions 1 1 2 1 3 1 4 1 5 2 6 2 7 2 8 2 9 2 10 2 11 2 12 3 13 3 14 3 15 3 16 3 17 4 18 4 19 4 20 4 21 4 22 5 23 5 24 5 25 5 26 6 27 6 28 6 29 6 30 6 31 6 32 7 33 7 34 7 35 7 36 8 37 8 38 8 39 8 40 8 41 8 42 8 43 9 44 9 45 9 46 9 47 10 48 10 49 10 50 10 51 10 52 10 53 10
setup_map neighbors 1 2 2 3,11,17,5,4 3 18,14,17,4,19 4 14 5 6,8,11 6 8,7,9 7 9 8 10,9,11,17 9 10 10 17,20 11 17 12 15,13,22 13 22 14 16,18,26,15,28 15 22,16 16 22,43,28,30 17 20,19 18 26,19 19 20,21,35 20 21,32 22 25,24,23,43 23 24 24 25,45,43,46 25 43 26 27,28 27 29,28 28 29,30 29 30,44,43,31 30 43 31 44,46 32 34,33,37 33 34,35,47 34 42,37,40,51,48,47 35 47 36 38 37 40,38,41 38 39,41,49 40 48,42,41 41 49,48 42 48 43 46,44 44 46 45 46 47 52,51 48 50,53,51,49 49 50 50 53
setup_map wastelands 10 28 34 43 45
settings starting_regions 4 6 12 20 25 31 33 39 46 50
settings starting_pick_amount 4
