settings timebank 10000
settings time_per_move 500
settings max_rounds 145
settings your_bot player1
settings opponent_bot player2
setup_map super_regions 1 4 2 3 3 4 4 3 5 3 6 2 7 2 8 5 9 6 10 2 11 5 12 2
setup_map regions 1 1 2 1 3 1 4 1 5 1 6 1 7 1 8 2 9 2 10 2 11 3 12 3 13 3 14 3 15 3 16 4 17 4 18 4 19 4 20 4 21 4 22 5 23 5 24 5 25 5 26 6 27 6 28 6 29 6 30 7 31 7 32 7 33 7 34 8 35 8 36 8 37 8 38 8 39 8 40 8 41 9 42 9 43 9 44 9 45 9 46 9 47 10 48 10 49 10 50 10 51 11 52 11 53 11 54 11 55 11 56 12 57 12 58 12
setup_map neighbors 1 2,8,13,10 2 13,3,4 3 4 4 6,7,5,13 5 13 6 7 7 47 8 9,10 9 10,11,12 10 12,14,13 11 16,22,12 12 14,22,15,23 13 14 14 15,24 15 24,23 16 22,17,20,18,26 17 18 18 20,19 19 21,20 20 26,27,28,21 21 27 22 23,26 23 26,24,25 24 30,25 26 29,28 27 28 28 29 30 31,32 31 48,32,49,33,56 32 33 33 57,56 34 35,36 35 37,36,42,39,43,38 36 41,43,42 37 38,40 38 39,40 39 45,43,40 41 44,43,51,47 42 43 43 44,45,46 44 54,53,46,51 45 46 47 51 48 49,51 49 51,56,52,50 50 56,55,52 51 52,54,53 52 54,55 53 54 54 55 55 56,58 56 57,58
setup_map wastelands 2 8 18 32 34
settings starting_regions 5 10 11 21 24 28 31 36 42 50 54 57
settings starting_pick_amount 5
