settings timebank 10000
settings time_per_move 500
settings max_rounds 157
settings your_bot player2
settings opponent_bot player1
setup_map super_regions 1 6 2 4 3 4 4 1 5 3 6 5 7 3 8 1 9 3 10 1 11 6 12 4 13 3 14 5
setup_map regions 1 1 2 1 3 1 4 1 5 1 6 1 7 2 8 2 9 2 10 2 11 2 12 2 13 3 14 3 15 3 16 3 17 3 18 3 19 4 20 4 21 4 22 5 23 5 24 5 25 6 26 6 27 6 28 6 29 6 30 7 31 7 32 7 33 7 34 7 35 8 36 8 37 8 38 9 39 9 40 9 41 10 42 10 43 10 44 11 45 11 46 11 47 11 48 11 49 11 50 11 51 12 52 12 53 12 54 12 55 12 56 13 57 13 58 13 59 14 60 14 61 14 62 14 63 14
setup_map neighbors 1 2,7,3,4,8 2 4 3 8,9,4,11,5,6 4 6 5 6,12,38,39,11 6 40,39 7 8 8 9,13,10,11 9 11,10 10 11 11 12,16,17,13,18 12 38,18 13 15,14,16,17 14 25,15 15 25,17,28,29,35 16 17 17 35,18,51 18 38,51 19 27,21,26,29,20 20 27,21,30,22,23 21 27 22 23 23 24,30 24 30,32,33 25 26,28 26 29,28 27 29,30,31 28 29 29 35,31,36 30 32,31 31 36,32 32 41,33,42,36 33 42,34 35 36,37,51 36 37,41 37 52 38 44,39,51 39 44,40 40 46,47,45,44 41 42,43 42 43 44 46,53,51,52 45 48,49,47,46 46 53,47,57,56,48 48 56,50,49,58 49 50,58 50 58 51 52 52 55,54,53 53 54,57,59,61 54 59,55 55 59 56 57,60,63,58,61 57 61,60 59 62,61 60 61 61 63,62
setup_map wastelands 3 5 13 23 34 43 54
settings starting_regions 2 9 16 20 22 25 31 35 40 41 49 51 56 61
settings starting_pick_amount 5
