settings timebank 10000
settings time_per_move 500
settings max_rounds 117
settings your_bot player2
settings opponent_bot player1
setup_map super_regions 1 7 2 7 3 3 4 4 5 6 6 4 7 5 8 7
setup_map regions 1 1 2 1 3 1 4 1 5 1 6 1 7 1 8 2 9 2 10 2 11 2 12 2 13 2 14 2 15 3 16 3 17 3 18 3 19 3 20 4 21 4 22 4 23 4 24 5 25 5 26 5 27 5 28 5 29 5 30 5 31 6 32 6 33 6 34 6 35 7 36 7 37 7 38 7 39 7 40 7 41 8 42 8 43 8 44 8 45 8 46 8 47 8
setup_map neighbors 1 5,8 2 5,6,3 3 4,15,16,6 4 15 5 6,9,8 6 16,20,21,7,9,10 7 10,12,20,21 8 10,9 9 10 10 31,12,11 11 12,31 12 20,23,14,13,31 13 34,33,36,14 14 23,37,36 15 17,16 16 19,18,20,17 17 24,19 18 20,22,19 19 22,26,35,24 20 23,21,22,35 22 35 23 35,37 24 26,27 25 27,28,29 26 27,41,38,35 27 29,41,42 28 29 29 30,42,44 30 44 31 32,33 32 33 33 34 34 36,40 35 38,39,37 36 37,40 37 39,40,45 38 39,41,43 39 45,43,46 40 45 41 42,43,44 42 44 43 44,47,46,45 44 47
setup_map wastelands 1 33 34 42
settings starting_regions 6 9 15 23 25 32 35 43
settings starting_pick_amount 3
