settings timebank 10000
settings time_per_move 500
settings max_rounds 110
settings your_bot player2
settings opponent_bot player1
setup_map super_regions 1 4 2 4 3 4 4 3 5 6 6 6 7 3 8 3 9 5
setup_map regions 1 1 2 1 3 1 4 1 5 2 6 2 7 2 8 2 9 2 10 3 11 3 12 3 13 3 14 4 15 4 16 4 17 5 18 5 19 5 20 5 21 5 22 5 23 5 24 6 25 6 26 6 27 6 28 6 29 6 30 6 31 7 32 7 33 7 34 7 35 7 36 8 37 8 38 8 39 9 40 9 41 9 42 9 43 9 44 9
setup_map neighbors 1 5,3 2 11,14,4,3,15 3 4,7,16,14,5,6 5 6,8,9 6 7,9 7 16,9,24,31,26 8 9 9 24,25,17,19 10 11 11 12,15,13 13 32,36,15,14 14 15,32,16,31 16 31 17 19,18 18 22,21,19,20,25 19 25 20 22 21 22,25 22 23,29,25 23 29 24 25,26 25 26,27,29 26 31,27,40,33,39,28 27 29,41,40,30 28 39,33,35 29 30,43,41 31 33,34,32 32 36,35,34 33 35,34 34 35 35 39,37,36 36 37,38 37 39,44,38 39 42,41,40,44 40 41 41 43,42 42 44
setup_map wastelands 2 13 24 33
settings starting_regions 4 6 12 14 20 28 34 38 39
settings starting_pick_amount 4
