settings timebank 10000
settings time_per_move 500
settings max_rounds 152
settings your_bot player1
settings opponent_bot player2
setup_map super_regions 1 2 2 3 3 2 4 2 5 2 6 2 7 1 8 3 9 2 10 4 11 2 12 2 13 4 14 4
setup_map regions 1 1 2 1 3 1 4 1 5 2 6 2 7 2 8 2 9 2 10 3 11 3 12 3 13 3 14 4 15 4 16 4 17 4 18 5 19 5 20 5 21 5 22 6 23 6 24 6 25 7 26 7 27 7 28 8 29 8 30 8 31 8 32 8 33 8 34 9 35 9 36 9 37 9 38 10 39 10 40 10 41 10 42 10 43 10 44 11 45 11 46 11 47 11 48 11 49 12 50 12 51 12 52 12 53 13 54 13 55 13 56 13 57 13 58 14 59 14 60 14 61 14
setup_map neighbors 1 2,3,4,14 2 6,3 3 8,14,6 4 14,10 5 7,6 6 7,8 7 8 8 16,14,9 9 34,17,16,39 10 18,14,11 11 12,20,18,14 12 38,40,49,20,13,50,14 13 50,40 14 15,38,16,17 15 16 16 17 17 38,39 18 20,19 19 20,49,21,46,44 20 49 21 51,46,49 22 23,25,24,26,35 24 53,54,26,36,35 25 26 26 28,27,53 27 28,30,58,55,53 28 30,29 29 31,30 30 32,58,31 31 32,33 32 58,61,33 33 61 34 35,36 35 36 36 42,37,54 37 54,56,57 38 41,40,39 39 42,41 40 50,41 41 43 44 46,48,47,45 45 47 46 51,48 47 48 49 50,52,51 50 51,52 51 52 53 54,55,59 54 59,57,56 55 58,59 56 57 57 59,60 58 61,60,59 59 60 60 61
setup_map wastelands 1 7 10 15 39 41 48
settings starting_regions 3 6 12 16 21 24 25 32 36 42 47 52 53 58
settings starting_pick_amount 7
