settings timebank 10000
settings time_per_move 500
settings max_rounds 177
settings your_bot player1
settings opponent_bot player2
setup_map super_regions 1 4 2 7 3 4 4 5 5 7 6 3 7 6 8 4 9 3 10 5 11 5 12 3 13 2
setup_map regions 1 1 2 1 3 1 4 1 5 1 6 1 7 2 8 2 9 2 10 2 11 2 12 2 13 2 14 3 15 3 16 3 17 3 18 3 19 3 20 4 21 4 22 4 23 4 24 4 25 5 26 5 27 5 28 5 29 5 30 5 31 5 32 6 33 6 34 6 35 6 36 6 37 7 38 7 39 7 40 7 41 7 42 7 43 7 44 8 45 8 46 8 47 8 48 9 49 9 50 9 51 10 52 10 53 10 54 10 55 10 56 10 57 10 58 11 59 11 60 11 61 11 62 11 63 11 64 12 65 12 66 12 67 12 68 13 69 13 70 13 71 13
setup_map neighbors 1 4,2 2 3,4,5 3 11,5,10,6,7 4 5 6 11,25 7 11,8,10 8 9,13,15,11,16,12 10 11 11 12,25 12 26,27,13,25 14 17,15,18 15 16,18 16 27,19,18 17 20,22 18 32,19 19 32,33,29,27 20 21 21 44,45,24,23,22 22 32,23,48,24 23 24 24 49,45,48,46,47 25 26,28,30,38 26 27,28 27 28,29 28 34,30,31,29 29 33,34 31 34,51,43 32 48,33,35 33 36,34,35,60,59 34 58,36,51,59,61 35 48,60 36 59 37 39,38,40,41 38 42,41,43 39 64,40 40 65,42,66,41,64 41 42 42 67,66,43,52,51 43 51,52 44 45 45 47 46 49,50,47 47 50 48 49,60,62,68,63 49 50,68 50 68,70 51 52,54,58,61,53,67,55 53 67,55 54 61,55,57 55 56,57 57 61,69 58 61 59 62,63,61,60 60 62 61 63,69 62 63 63 68,69 64 65 65 66 66 67 68 71,69,70 70 71
setup_map wastelands 1 4 30 33 52 70
settings starting_regions 2 10 18 22 26 32 42 47 50 55 60 67 71
settings starting_pick_amount 6
