settings timebank 10000
settings time_per_move 500
settings max_rounds 135
settings your_bot player2
settings opponent_bot player1
setup_map super_regions 1 4 2 2 3 2 4 7 5 2 6 5 7 5 8 4 9 4 10 2 11 3
setup_map regions 1 1 2 1 3 1 4 1 5 1 6 1 7 2 8 2 9 2 10 2 11 3 12 3 13 3 14 4 15 4 16 4 17 4 18 4 19 4 20 4 21 5 22 5 23 5 24 6 25 6 26 6 27 6 28 6 29 6 30 7 31 7 32 7 33 7 34 7 35 7 36 7 37 8 38 8 39 8 40 8 41 9 42 9 43 9 44 9 45 9 46 9 47 10 48 10 49 10 50 10 51 11 52 11 53 11 54 11
setup_map neighbors 1 11,14,2 2 4,3,14,6 3 6,5 4 14,15,6 5 6,16,17 6 15,17 7 8,10,9 8 10,21 9 10 10 21,23,25,24,27,22 11 13,30,14,12,18 13 31,30,28,26 14 18,15 15 18,17,30 16 19,17 17 47,32,30,19,48,20 18 30 19 20 20 48 21 22 22 37,27,23 23 27 24 25,26 25 26,27 26 28,41,27,42 27 41,29,37 28 42,31 29 51,37,41 30 31,33,34,35,32 31 34 32 47,35,33 33 35 34 35 35 36,47,49,50 37 39,51,38 38 39 39 54,40,53,51 40 54 41 51,43,42,46,44 42 44,45 43 46,44 44 46,45 46 51,52 47 48,49 48 49 49 50 51 52,53,54 52 54 53 54
setup_map wastelands 2 22 32 37 43
settings starting_regions 6 9 11 20 23 25 36 39 46 48 51
settings starting_pick_amount 5
