settings timebank 10000
settings time_per_move 500
settings max_rounds 180
settings your_bot player1
settings opponent_bot player2
setup_map super_regions 1 4 2 4 3 3 4 2 5 4 6 6 7 2 8 1 9 2 10 3 11 4 12 6 13 7 14 3 15 1
setup_map regions 1 1 2 1 3 1 4 1 5 1 6 2 7 2 8 2 9 2 10 2 11 2 12 3 13 3 14 3 15 3 16 4 17 4 18 4 19 4 20 5 21 5 22 5 23 5 24 5 25 5 26 6 27 6 28 6 29 6 30 6 31 6 32 6 33 7 34 7 35 7 36 8 37 8 38 8 39 9 40 9 41 9 42 9 43 10 44 10 45 10 46 10 47 11 48 11 49 11 50 11 51 11 52 12 53 12 54 12 55 12 56 12 57 12 58 12 59 13 60 13 61 13 62 13 63 13 64 13 65 13 66 14 67 14 68 14 69 14 70 15 71 15 72 15
setup_map neighbors 1 2,5,3,16 2 5,4,6 3 16 4 6,9,5 5 17,9,16,18 6 8,7,10,9 7 10,13,14,20,12 8 10,9 9 18,11,10 10 20,21,11 11 18,21,19 12 13 13 15,14,20,22 14 20 15 22,20 16 17,36 17 37,36,18 18 19,39,37 19 21,43,44 20 21,23,25,24,22 21 43,23,24 22 25,26 23 24 24 43,28,25 25 27,28 26 28,27 27 28 28 30,29,43,31 29 30,60,46,59,43 30 31,32,60 31 32 32 63,60 33 47,35,34 34 47,36,38 35 49,48,47 36 37,38 37 40,38,52,42,41 38 47,52 39 44,41,40 40 41 41 67,66,42,44,45,54,68 42 54,52 43 44,45,46 44 45 45 59,46,68 46 59 47 52,48 48 52,53,49 49 53,57,51,50 50 51 51 58,57 52 53,54 53 55,57,54,56 54 66,56 55 58,56,57 56 69,58,66 57 58 59 60,62,61,68 60 63,62 61 68,62 62 63,65,72,64,71,70,68 63 65 64 68,70 65 71 66 67,68 67 68 68 70,69 70 72 71 72
setup_map wastelands 24 29 32 34 65 66 67
settings starting_regions 2 7 12 18 23 31 33 38 39 45 47 52 64 69 70
settings starting_pick_amount 6
