settings timebank 10000
settings time_per_move 500
settings max_rounds 137
settings your_bot player1
settings opponent_bot player2
setup_map super_regions 1 4 2 5 3 4 4 4 5 2 6 4 7 3 8 6 9 3 10 4
setup_map regions 1 1 2 1 3 1 4 1 5 1 6 1 7 1 8 2 9 2 10 2 11 2 12 2 13 2 14 2 15 3 16 3 17 3 18 3 19 3 20 4 21 4 22 4 23 4 24 5 25 5 26 5 27 5 28 6 29 6 30 6 31 6 32 6 33 7 34 7 35 7 36 7 37 7 38 8 39 8 40 8 41 8 42 8 43 8 44 9 45 9 46 9 47 9 48 9 49 9 50 10 51 10 52 10 53 10 54 10 55 10
setup_map neighbors 1 2,3,8 2 3,9,8 3 4,5,6,9 4 13,6,9 5 6,7 6 30,32,7,28,13 8 11,9 9 13,12,11 10 11 11 12,14,13,33 12 13 13 28,29,14 15 16 16 17,19,18 17 20,19 18 19 19 25,20,38,33 20 21,23,25 21 22,23 22 23,24,27,26 23 26,25 24 27 25 38,26,39 26 39,27,41 27 41 28 29,31,30 29 31,34 30 32,31 33 38,40,34,42 34 36,35,42,37 35 42,37,50 36 37,45,44 37 46,45,52,50,54 38 39,40 39 43,42,40,41 40 42 41 43 42 43,50 43 53,52,50 44 47,45 45 47,46 46 54,48,49 48 54,49,53 50 52 51 53 52 53,54 53 54,55
setup_map wastelands 3 9 15 25 52
settings starting_regions 7 12 19 23 24 29 35 43 45 55
settings starting_pick_amount 5
