settings timebank 10000
settings time_per_move 500
settings max_rounds 122
settings your_bot player1
settings opponent_bot player2
setup_map super_regions 1 3 2 2 3 4 4 2 5 2 6 2 7 3 8 4 9 5 10 4 11 2
setup_map regions 1 1 2 1 3 1 4 1 5 2 6 2 7 2 8 2 9 3 10 3 11 3 12 3 13 3 14 3 15 3 16 4 17 4 18 4 19 5 20 5 21 5 22 5 23 6 24 6 25 6 26 6 27 7 28 7 29 7 30 7 31 7 32 8 33 8 34 8 35 8 36 9 37 9 38 9 39 9 40 9 41 10 42 10 43 10 44 10 45 10 46 11 47 11 48 11 49 11
setup_map neighbors 1 4,19,2,3 2 3 3 4,6,8,5,21 4 19,21 5 6 6 7,8 7 8,14,36 8 21 9 10,11 10 17,16,12,11 11 13,12 12 23,15,24,17,13 13 14,15 15 23 16 18,17 17 18,24 18 25,24 19 20,21 20 21,22 21 22 23 26,24,25 24 25 25 27,28,26 26 28 27 29,28,30 28 31,30,41 29 30 30 46,47,31 31 41,48,46,47 32 36,33,41 33 36,41,35,34,37 34 41,35 35 40,37,41,43,39 36 37 37 39,38 38 39,40 39 40 40 43,45 41 42,43,48 42 43 43 44,45,48 44 45,48 46 47 47 49,48 48 49
setup_map wastelands 5 23 25 44 45
settings starting_regions 4 6 10 16 22 24 28 32 37 41 46
settings starting_pick_amount 5
