settings timebank 10000
settings time_per_move 500
settings max_rounds 200
settings your_bot player2
settings opponent_bot player1
setup_map super_regions 1 4 2 4 3 3 4 6 5 1 6 4 7 4 8 3 9 3 10 6 11 3 12 2 13 3 14 4 15 4 16 5
setup_map regions 1 1 2 1 3 1 4 1 5 1 6 1 7 2 8 2 9 2 10 2 11 2 12 3 13 3 14 3 15 4 16 4 17 4 18 4 19 4 20 4 21 4 22 5 23 5 24 5 25 6 26 6 27 6 28 6 29 6 30 7 31 7 32 7 33 7 34 7 35 7 36 8 37 8 38 8 39 8 40 8 41 9 42 9 43 9 44 9 45 10 46 10 47 10 48 10 49 10 50 10 51 11 52 11 53 11 54 11 55 11 56 11 57 12 58 12 59 12 60 12 61 13 62 13 63 13 64 13 65 13 66 14 67 14 68 14 69 14 70 14 71 14 72 15 73 15 74 15 75 15 76 16 77 16 78 16 79 16 80 16
setup_map neighbors 1 7,2,3 2 7,9,4,3 3 6,4,5 4 9,5 5 42,41,9,8 6 29 7 8,9 8 10,13,9,14,12,41 10 14,18,42,41,11 11 47,44,42,18,21,45 12 17,18,14,15,13 13 14 14 18 15 16,19,17 16 19,20 17 19,18 18 21,19 19 21,45,36,20,46 20 37,36 21 45 22 23 23 33,24,30,31,32 24 26,31,25 25 26 26 27,28,31,29 27 29 28 57,31,58,29 29 59,58 30 32,51 31 57,33,34,32,35 32 34,33,51 34 35,52,51 35 53,52,57 36 46,38,37 37 38 38 46,40,49,39 39 66,49,40,68 40 49 41 42 42 43,44 44 61,47,62,63 45 48,46,47 46 49,48 47 48,62 48 50,62,49 49 50,66 50 64,62,67,66 51 52 52 53 53 57,54,55 54 57,56 57 60,58 58 59,60 59 60 61 63,62 62 63,64 63 64,72 64 65,78,73,76,67,72 65 73 66 68,67,69,70,77 67 77,76 69 71,70 70 71,77 71 77,80 72 73,75 73 75,78 74 75 76 77,79,78 77 80,79 78 79 79 80
setup_map wastelands 19 30 40 55 60 64 67 79
settings starting_regions 4 9 14 17 22 25 33 38 44 46 54 59 63 69 72 80
settings starting_pick_amount 6
