settings timebank 10000
settings time_per_move 500
settings max_rounds 122
settings your_bot player1
settings opponent_bot player2
setup_map super_regions 1 2 2 4 3 6 4 2 5 2 6 2 7 3 8 5 9 2 10 5 11 3
setup_map regions 1 1 2 1 3 1 4 2 5 2 6 2 7 2 8 2 9 3 10 3 11 3 12 3 13 3 14 3 15 4 16 4 17 4 18 4 19 5 20 5 21 5 22 5 23 6 24 6 25 6 26 6 27 7 28 7 29 7 30 8 31 8 32 8 33 8 34 8 35 8 36 9 37 9 38 9 39 9 40 10 41 10 42 10 43 10 44 10 45 11 46 11 47 11 48 11 49 11
setup_map neighbors 1 2,3 2 5,4,3,6 3 6,9,10,11,12 4 6,8,15,7,5 5 6 6 12,15,8 8 15 9 10 10 13,11 11 13,14,12,15,30 12 15 13 27,40,31,30,14 14 30 15 17,23,16,18,30 16 23 17 18,32,23,30 18 30 19 24,20,23 20 24,22,21 21 36,22 22 24,36 23 25,46,45,24 24 25,48,45,26,36 26 36,48 27 40,28 28 40,29,41 29 41,44,42 30 32,31,33 31 33,40 32 46,33,35,34 33 42,35,43,34,40 34 46,35,43 36 47,37,39,49,48 37 38,39 39 49 40 42,41 41 42 42 43,44 45 46,48 46 48 47 49,48 48 49
setup_map wastelands 3 6 17 38 42
settings starting_regions 1 5 11 15 22 23 27 32 39 44 47
settings starting_pick_amount 4
