settings timebank 10000
settings time_per_move 500
settings max_rounds 122
settings your_bot player1
settings opponent_bot player2
setup_map super_regions 1 4 2 4 3 3 4 3 5 4 6 5 7 3 8 3 9 6 10 5 11 2
setup_map regions 1 1 2 1 3 1 4 1 5 2 6 2 7 2 8 2 9 3 10 3 11 3 12 4 13 4 14 4 15 4 16 4 17 5 18 5 19 5 20 5 21 6 22 6 23 6 24 6 25 6 26 7 27 7 28 7 29 7 30 8 31 8 32 8 33 8 34 9 35 9 36 9 37 9 38 9 39 9 40 10 41 10 42 10 43 10 44 10 45 10 46 10 47 11 48 11 49 11
setup_map neighbors 1 4,3 2 4 3 4,12 4 5,6,12,7 5 11,9,10,7 6 8,12,7,26 7 11,26 8 26,27,14,28,13,12,15 9 10 10 30,11,34 11 30,26 12 13 13 14 14 16,15,29 15 28,29 16 29 17 21,18 18 37,20,21,19 19 23,21,24,20 20 41,40,24,37 21 22,23 22 23 23 25,24 24 25,41 25 47,48,41 26 30,27,28 27 28 28 31,30,29 29 31,33 30 31,32 31 33 32 35 34 38,35 35 38,39 36 38,37,42,40,43 37 40 38 42,45 40 46,43,44,41 41 44,46,49,48 42 46,45,43 43 46 44 46 47 48,49 48 49
setup_map wastelands 7 14 15 26 41
settings starting_regions 2 5 10 12 18 22 28 31 35 44 48
settings starting_pick_amount 5
