settings timebank 10000
settings time_per_move 500
settings max_rounds 147
settings your_bot player2
settings opponent_bot player1
setup_map super_regions 1 3 2 5 3 4 4 4 5 4 6 3 7 4 8 5 9 6 10 2 11 3 12 5
setup_map regions 1 1 2 1 3 1 4 1 5 1 6 2 7 2 8 2 9 2 10 2 11 3 12 3 13 3 14 3 15 4 16 4 17 4 18 4 19 4 20 5 21 5 22 5 23 5 24 5 25 5 26 6 27 6 28 6 29 7 30 7 31 7 32 7 33 7 34 8 35 8 36 8 37 8 38 8 39 8 40 8 41 9 42 9 43 9 44 9 45 9 46 9 47 9 48 10 49 10 50 10 51 10 52 11 53 11 54 11 55 12 56 12 57 12 58 12 59 12
setup_map neighbors 1 2,3 2 5,3,12,11 3 6,8,4,11 4 11,8,26,12 5 12,48 6 8,10,7,9 8 15,27,26,10 9 15,10 10 15 11 12 12 14,13,26,28 13 14 14 28,50 15 27,16,17,34 16 17 17 18,34,19 18 19 19 38,36,34 20 22,23 21 23 22 41,23 23 24,25,42,41 24 48,25 25 55,48,49,42 26 52,28,27,34 27 34 28 52 29 30,31 30 41,31 31 32,41,43,33 32 43,33 33 43 34 36,53,35,52 35 52,54,53,36,40,37 36 37,38 37 40,38 39 40 41 42,44,43 42 55,56,57,44 43 45,47,46,44 44 45,57,46 45 46 46 47 48 49 49 55,58,50 50 58,51 51 58,59 52 54,53 55 56,58 56 57,58,59 57 59 58 59
setup_map wastelands 7 15 42 46 47 58
settings starting_regions 2 10 14 16 22 26 29 38 43 48 52 57
settings starting_pick_amount 5
