settings timebank 10000
settings time_per_move 500
settings max_rounds 115
settings your_bot player1
settings opponent_bot player2
setup_map super_regions 1 5 2 3 3 5 4 4 5 4 6 1 7 2 8 5 9 6
setup_map regions 1 1 2 1 3 1 4 1 5 1 6 1 7 2 8 2 9 2 10 2 11 2 12 2 13 3 14 3 15 3 16 3 17 3 18 3 19 4 20 4 21 4 22 4 23 4 24 5 25 5 26 5 27 5 28 5 29 6 30 6 31 6 32 7 33 7 34 7 35 7 36 8 37 8 38 8 39 8 40 8 41 9 42 9 43 9 44 9 45 9 46 9
setup_map neighbors 1 4,21 2 3 3 7,10,6 4 21,5,30 5 6 7 9,10,8 8 13,9 9 13,11,12,16,10 10 11 11 12,18,17 12 17,16 13 14,15,16 14 15 15 16,18,17 16 17 17 18 19 20,22,23 20 21,23 21 29,30,23 22 24,25,23,27 23 29,25,26 24 27 25 26,34,27,33 26 31,29,28,34 28 31,35,34 29 30,31 30 31 31 36 32 33,34,41,43 34 41,35,42 35 36,42 36 37,42,38 37 38 38 39,45,42,40 39 40,44,45 41 44,43,42 42 45,44 43 44,46 44 45,46
setup_map wastelands 4 13 16 30
settings starting_regions 1 10 18 23 25 29 34 39 41
settings starting_pick_amount 4
