settings timebank 10000
settings time_per_move 500
settings max_rounds 222
settings your_bot player2
settings opponent_bot player1
setup_map super_regions 1 2 2 4 3 5 4 3 5 1 6 5 7 6 8 3 9 3 10 4 11 2 12 1 13 7 14 2 15 7 16 4 17 4 18 5 19 0
setup_map regions 1 1 2 1 3 1 4 1 5 2 6 2 7 2 8 2 9 2 10 2 11 2 12 3 13 3 14 3 15 3 16 3 17 3 18 3 19 4 20 4 21 4 22 4 23 4 24 5 25 5 26 6 27 6 28 6 29 6 30 6 31 7 32 7 33 7 34 7 35 7 36 7 37 8 38 8 39 8 40 8 41 8 42 9 43 9 44 9 45 10 46 10 47 10 48 10 49 11 50 11 51 11 52 12 53 12 54 13 55 13 56 13 57 13 58 13 59 13 60 13 61 14 62 14 63 14 64 15 65 15 66 15 67 15 68 15 69 15 70 15 71 16 72 16 73 16 74 16 75 16 76 16 77 17 78 17 79 17 80 17 81 18 82 18 83 18 84 18 85 18 86 18 87 18 88 19 89 19
setup_map neighbors 1 3,31,32,2,4 5 6 6 11,10,37,31,7 7 10,8 8 9,10 9 12,19,10 10 37,19 11 37,31 12 17,20,19,13,24,21 13 14,18,17,24 14 16,28,25,18,15,27 15 16 16 26,27 17 24 18 25,24 19 20,37 20 21,23,37,22 21 24,42,22,23 22 37,46,23,45,42,39 24 25,42,43 25 43,28,52,50 26 27,28,29 27 28 28 30,49,29,50 29 30,51 30 51,49 31 34,32,38,39,37,33 32 35,33,54 33 39,71,54,34,36 34 39 35 55,54 36 39,40,71 37 39,38 38 39 39 46,40 40 46,41,62,71,61 41 62,71 42 44,43,45 43 52,44 44 52,77,48,45 45 46,47,48 46 61,47 47 63,48,81,62,61 48 78,77,79,81 49 50,51 50 53,51,66,65,52,64 51 64 52 53,77,65 53 65 54 55,57,71,72,59 55 57,56,59,58 58 59,60 59 74,76,72,60 61 62 62 73,71,63,81,75 63 81 64 68,66,67 65 67,66,77 66 67 67 77,70,82,78,69,68 69 70 70 85,82 71 74,72,73 72 74 73 75,88,74 74 88,89,76 75 83,84,88,81 77 78,79 78 82,79,80,81 80 81,82 81 83,84,82 82 84,85,87 83 84 84 86,89,87,88 85 87 86 89 88 89
setup_map wastelands 2 17 25 30 39 51 58 60 88
settings starting_regions 4 5 14 19 24 29 33 41 43 45 49 52 57 61 70 75 80 81 89
settings starting_pick_amount 8
