settings timebank 10000
settings time_per_move 500
settings max_rounds 110
settings your_bot player1
settings opponent_bot player2
setup_map super_regions 1 3 2 2 3 2 4 3 5 3 6 7 7 5 8 5 9 5
setup_map regions 1 1 2 1 3 1 4 1 5 2 6 2 7 2 8 2 9 3 10 3 11 3 12 4 13 4 14 4 15 4 16 5 17 5 18 5 19 5 20 6 21 6 22 6 23 6 24 6 25 6 26 6 27 7 28 7 29 7 30 7 31 7 32 7 33 7 34 8 35 8 36 8 37 8 38 8 39 9 40 9 41 9 42 9 43 9 44 9
setup_map neighbors 1 4,3,2 2 5,3,9 3 4,9,17,19,16 4 16,18 5 9,6,8 6 8,7,12 7 12 8 13,12,10,9 9 10,17 10 11,20,17,19,13 11 20,21,14,13 12 14,13 13 14 14 21,15 15 21 16 19,18 17 19 18 19 19 22,20 20 23,21,24,22 21 24,25 22 27,28,23 23 27,24 24 25,39,27,30 25 26,40,39 27 29,30,31,28 28 29,34,35 29 31,35 30 39,31 31 32,35,39 32 44,35,39,43,38,41,33 33 39,41,40 34 35,36 35 38,37,36 36 37,38 37 38 38 43 39 40 40 42,41 41 44,42 43 44
setup_map wastelands 3 5 8 19
settings starting_regions 1 7 9 15 16 26 29 35 41
settings starting_pick_amount 3
