settings timebank 10000
settings time_per_move 500
settings max_rounds 172
settings your_bot player1
settings opponent_bot player2
setup_map super_regions 1 5 2 3 3 2 4 3 5 3 6 2 7 1 8 4 9 4 10 4 11 1 12 4 13 3 14 4 15 3 16 5
setup_map regions 1 1 2 1 3 1 4 1 5 1 6 2 7 2 8 2 9 2 10 3 11 3 12 3 13 4 14 4 15 4 16 4 17 4 18 5 19 5 20 5 21 5 22 5 23 6 24 6 25 6 26 6 27 7 28 7 29 7 30 8 31 8 32 8 33 8 34 9 35 9 36 9 37 9 38 10 39 10 40 10 41 10 42 10 43 11 44 11 45 11 46 12 47 12 48 12 49 12 50 12 51 13 52 13 53 13 54 13 55 14 56 14 57 14 58 14 59 14 60 14 61 15 62 15 63 15 64 16 65 16 66 16 67 16 68 16 69 16
setup_map neighbors 1 5,28,2 2 3,4,5 3 6,23,9,4 4 23,5 5 28,27,23 6 7,9 7 8,32,31,9 8 32 9 30,23,31 10 12,13,11 11 18,12 12 16,15,18,34,13 13 15,14 14 15,38 15 38,16,17 16 17,34 17 35,37,61,40,38,34 18 19,34 19 21,34,22 20 21 21 22,36,35 22 34,35 23 24,25,30,27 24 27,25 25 30,26,46 26 46,47 27 29,28 28 29 29 43 30 31,33 31 32,33 32 33 33 39 34 35 35 37,36 36 51,37 37 61,51,52,62 38 40,39 39 40,41 40 42,61,41 41 42 42 61,62 43 45,44 44 45,55 45 55,56,46,48 46 48,47 47 49,50,64,48 48 64,56,58 49 64,50,68 51 53,52 52 62,54,63 55 57,56,59 56 58,59 57 59,60 58 64,65,59 59 65,60 60 65 61 62 62 63 64 67,66,65,68 65 66,67 66 67 67 68 68 69
setup_map wastelands 12 30 32 37 45 51 58 64
settings starting_regions 1 9 10 17 20 23 29 31 36 38 43 48 52 55 61 67
settings starting_pick_amount 8
