settings timebank 10000
settings time_per_move 500
settings max_rounds 195
settings your_bot player1
settings opponent_bot player2
setup_map super_regions 1 3 2 3 3 4 4 5 5 6 6 3 7 5 8 6 9 5 10 5 11 3 12 4 13 4 14 2 15 2 16 5
setup_map regions 1 1 2 1 3 1 4 2 5 2 6 2 7 2 8 3 9 3 10 3 11 3 12 4 13 4 14 4 15 4 16 4 17 5 18 5 19 5 20 5 21 5 22 5 23 5 24 6 25 6 26 6 27 6 28 7 29 7 30 7 31 7 32 7 33 7 34 8 35 8 36 8 37 8 38 8 39 8 40 8 41 9 42 9 43 9 44 9 45 9 46 9 47 10 48 10 49 10 50 10 51 10 52 11 53 11 54 11 55 11 56 12 57 12 58 12 59 12 60 13 61 13 62 13 63 13 64 13 65 13 66 14 67 14 68 14 69 15 70 15 71 15 72 16 73 16 74 16 75 16 76 16 77 16 78 16
setup_map neighbors 1 2,34,3 2 28,34 3 34,35,36 4 7,5 5 7,6,9,24 6 9,10,8 7 28,25,24 8 11,10 9 10,24 10 11,26,24 12 13,14 13 17,14,21,18,15 14 15 15 16,21,22 16 41,22 17 18 18 22,21,19,20,23 19 20 21 22 22 23 24 29,30,27,25,26,28 26 27,43 28 29,34 29 37,30,34,32,31,33 31 47,37,38,32 32 48 33 43 34 37,35 35 37,36 36 37,38 37 38 38 39,40,47 39 40,47,49 40 49,51 41 42 42 45,46,43,44 43 45,56 44 46 45 46,56 46 61,62,56,60 47 49,50,48,51 48 68,67,50,66 49 51 50 69,51,70,67 51 70,71 52 53,54,63,60 53 55,54,73,75 54 63,72,55,76 55 75,76 56 57,62,59 57 59,58 59 64,62,77 60 63,61 61 65,62,63 62 64,65 63 72,74,65 64 65,74 65 74 66 68 67 69,68 68 69 69 70 70 71 72 74,76 73 75 74 77,76 75 78,76 76 78
setup_map wastelands 22 43 46 54 56 62 66 78
settings starting_regions 2 6 9 13 20 27 31 34 41 48 52 57 63 68 71 74
settings starting_pick_amount 7
