settings timebank 10000
settings time_per_move 500
settings max_rounds 127
settings your_bot player1
settings opponent_bot player2
setup_map super_regions 1 2 2 3 3 5 4 5 5 2 6 6 7 3 8 4 9 3 10 2 11 3
setup_map regions 1 1 2 1 3 1 4 1 5 2 6 2 7 2 8 2 9 2 10 3 11 3 12 3 13 3 14 3 15 3 16 3 17 4 18 4 19 4 20 4 21 4 22 5 23 5 24 5 25 5 26 6 27 6 28 6 29 6 30 6 31 6 32 6 33 7 34 7 35 7 36 7 37 7 38 8 39 8 40 8 41 8 42 8 43 9 44 9 45 9 46 10 47 10 48 10 49 11 50 11 51 11
setup_map neighbors 1 3,22,2,23 2 6,4,3 3 23,4 4 6,17,23 5 7,6,12,10 6 17,7 7 17,12,13,8,20,9,19 8 13,9 9 13 10 11,12 11 14,12,15,13 12 13 13 14,16,37 14 15,16 15 16,34 17 18,24,23,19 18 19,24,20,25,21 19 20 21 25 22 23,25 23 24,25 24 25 26 27 27 28,29 28 32,31,29,30 29 30 30 46,32,36,31,49,50 31 32 32 49 33 36,35,39 34 35 35 38,39,37 36 39,43 38 39,40,41 39 43,40 40 43,41,42,44,45,48 41 42,48 42 48 43 44,45,46 44 45 45 46,48 46 50,47,48 47 51,50,48 49 51,50 50 51
setup_map wastelands 9 10 12 16 37
settings starting_regions 3 5 13 20 24 29 35 40 44 48 49
settings starting_pick_amount 5
