settings timebank 10000
settings time_per_move 500
settings max_rounds 147
settings your_bot player2
settings opponent_bot player1
setup_map super_regions 1 1 2 4 3 2 4 4 5 5 6 2 7 5 8 2 9 5 10 6 11 2 12 4 13 1
setup_map regions 1 1 2 1 3 1 4 2 5 2 6 2 7 2 8 2 9 2 10 3 11 3 12 3 13 3 14 4 15 4 16 4 17 4 18 4 19 5 20 5 21 5 22 5 23 5 24 6 25 6 26 6 27 7 28 7 29 7 30 7 31 7 32 7 33 8 34 8 35 8 36 9 37 9 38 9 39 9 40 9 41 9 42 10 43 10 44 10 45 10 46 10 47 10 48 11 49 11 50 11 51 12 52 12 53 12 54 12 55 12 56 12 57 13 58 13 59 13
setup_map neighbors 1 4,6,3,2 2 3 3 6,28 4 6,7,5,8 5 8 6 9,27,28,7 7 8,9 8 9,33,34,27 9 27 10 15,11 11 12,15,34,33 12 13,37,36,15 13 37 14 15,16,17 15 17,36 16 18,17 17 42,36,18 18 42,43,19 19 20,21,43 20 22,24,21,23 21 43,23 22 23,26,51,24 23 52,51 24 25,26 25 26 26 48,51,53 27 34,28,35,30,29 28 29,30 29 30,32,35,31 33 34 34 35,38 36 42,39,37,45 37 38,39,40 39 46,40,41,45 42 44,43,45 43 44 44 45 45 46,47 48 50,49,53 49 53,50 50 56,53 51 53,54,52,55 52 54,57,55,58 53 55,56 54 55 55 59,58,56 57 58 58 59
setup_map wastelands 11 18 28 33 46 55
settings starting_regions 2 4 10 14 19 26 30 34 39 42 48 56 59
settings starting_pick_amount 5
