settings timebank 10000
settings time_per_move 500
settings max_rounds 122
settings your_bot player2
settings opponent_bot player1
setup_map super_regions 1 6 2 6 3 3 4 2 5 2 6 2 7 2 8 4 9 3 10 3
setup_map regions 1 1 2 1 3 1 4 1 5 1 6 1 7 1 8 2 9 2 10 2 11 2 12 2 13 2 14 2 15 3 16 3 17 3 18 3 19 4 20 4 21 4 22 5 23 5 24 5 25 5 26 6 27 6 28 6 29 6 30 7 31 7 32 7 33 8 34 8 35 8 36 8 37 8 38 8 39 8 40 9 41 9 42 9 43 9 44 10 45 10 46 10 47 10 48 10 49 10
setup_map neighbors 1 5,4,2 2 3,4 3 10,8,6,4,13 4 6,5 5 7,6,13 6 13 7 13 8 9,11,10 9 12,11 10 13,11,14 11 12,13,22 12 23,22,17 13 24,14,22 15 16,19 16 19,17,26,18 17 18,23 18 26,30,22,27,23,41,24 19 20,26,21,28 20 28,21 21 35 22 24,23 24 40,25,41 25 40 26 27,28,29,31,30 27 30 28 29,31,45 29 31 30 41,31,32 31 32 32 41,42,43 33 36,37,35 34 37 35 36 36 44,48,47,37,38,46,39 37 39,38 38 39 39 47 40 42,41 41 42 42 43 44 46 45 46 46 47,49 47 48,49
setup_map wastelands 2 8 37 43 46
settings starting_regions 5 12 18 21 22 27 32 34 41 44
settings starting_pick_amount 5
