settings timebank 10000
settings time_per_move 500
settings max_rounds 182
settings your_bot player2
settings opponent_bot player1
setup_map super_regions 1 3 2 4 3 3 4 2 5 4 6 2 7 3 8 4 9 2 10 3 11 5 12 3 13 4 14 1 15 5 16 1 17 3
setup_map regions 1 1 2 1 3 1 4 1 5 1 6 2 7 2 8 2 9 2 10 2 11 2 12 2 13 3 14 3 15 3 16 4 17 4 18 4 19 5 20 5 21 5 22 5 23 6 24 6 25 6 26 6 27 6 28 7 29 7 30 7 31 7 32 8 33 8 34 8 35 8 36 9 37 9 38 9 39 9 40 10 41 10 42 10 43 10 44 11 45 11 46 11 47 11 48 11 49 11 50 12 51 12 52 12 53 12 54 13 55 13 56 13 57 13 58 14 59 14 60 14 61 15 62 15 63 15 64 15 65 15 66 15 67 16 68 16 69 16 70 17 71 17 72 17 73 17
setup_map neighbors 1 16,5,4,17,2 2 3,4 3 8,4,6,9 4 8,17 5 16 6 7,9 7 10,9 8 23,9,17 9 11,25,10,23 10 12,11 11 12,25 13 20,14 14 20,15 15 38,36,20 16 17,18 17 23,18,24 18 30 19 20 20 21,22,36 21 22,36 22 32,33,37,36 23 26,24,25,27 24 41 25 26 26 27 28 29,30 29 44,30 30 44,31 31 54,61,44,40 32 33,34 33 35,50,37,52,51 35 51,37 36 37,38 37 38,39,51 38 39,58 39 51,59,58 40 41,54 41 42,43,54 42 55,57,43 43 55,54 44 61,47,45,46 45 46,50 46 47,48,49,50 47 64,48,63,61 48 64,49,63,66 50 52,53,51 51 59,53,52 53 59 54 56,62,61,55 55 70,72,56,73,65,62,57,71 56 62 57 71 58 59,60,67,68 59 60,68 61 62,63 62 65,63 63 65,66,64 65 73,66,72 67 68 68 69 70 71,73 71 73 72 73
setup_map wastelands 10 25 27 32 39 40 51
settings starting_regions 4 7 13 18 21 23 29 35 37 42 49 52 55 59 64 68 72
settings starting_pick_amount 6
