settings timebank 10000
settings time_per_move 500
settings max_rounds 157
settings your_bot player1
settings opponent_bot player2
setup_map super_regions 1 3 2 3 3 5 4 2 5 4 6 7 7 3 8 5 9 4 10 3 11 3 12 3 13 4
setup_map regions 1 1 2 1 3 1 4 1 5 2 6 2 7 2 8 2 9 3 10 3 11 3 12 3 13 3 14 4 15 4 16 4 17 4 18 5 19 5 20 5 21 5 22 6 23 6 24 6 25 6 26 6 27 6 28 6 29 7 30 7 31 7 32 7 33 7 34 8 35 8 36 8 37 8 38 8 39 8 40 8 41 9 42 9 43 9 44 9 45 9 46 9 47 10 48 10 49 10 50 10 51 11 52 11 53 11 54 11 55 11 56 12 57 12 58 12 59 12 60 13 61 13 62 13 63 13
setup_map neighbors 1 14,3,16,2,19,18 2 3 3 4,18,5,8 4 5 5 6,7,8 6 12,7,9 7 12,8,23 8 18,23,29,20 9 10,12 10 11,13,12 11 13,24 12 22,23,13 13 24,22 14 15,16 15 16,47 16 21,17,19 17 21,48 18 19,20,21 19 21 20 21 21 29 22 23,25,24 23 26,31,30,29,25 24 25 25 28,27,26 26 31,27 27 28,33,31 29 30,32 30 31,32 31 33,32 34 36,35,38,37,51,53 35 36,51 37 38 38 39,53 39 40,53,55 40 55 41 44,43,45 42 46,48,45,47 43 44,52,56,57 44 45,57,58,46 45 46 46 50,60,58,59,57,48 47 48 48 50,49 49 50 50 60,63 51 52,53 52 53,56,54 53 54,55 54 56,57,61,55 55 61 56 57 57 59,60,62,58,61 59 60 60 62,63 61 62
setup_map wastelands 4 10 31 39 50
settings starting_regions 2 8 13 15 18 23 32 38 46 48 54 58 63
settings starting_pick_amount 5
