settings timebank 10000
settings time_per_move 500
settings max_rounds 147
settings your_bot player1
settings opponent_bot player2
setup_map super_regions 1 3 2 4 3 4 4 5 5 4 6 2 7 3 8 4 9 4 10 6 11 4
setup_map regions 1 1 2 1 3 1 4 1 5 2 6 2 7 2 8 2 9 3 10 3 11 3 12 3 13 3 14 3 15 4 16 4 17 4 18 4 19 4 20 4 21 4 22 5 23 5 24 5 25 5 26 6 27 6 28 6 29 7 30 7 31 7 32 7 33 8 34 8 35 8 36 8 37 8 38 8 39 8 40 9 41 9 42 9 43 9 44 9 45 9 46 9 47 10 48 10 49 10 50 10 51 10 52 10 53 10 54 11 55 11 56 11 57 11 58 11 59 11
setup_map neighbors 1 2 2 15,3 3 15,4 4 15,20,21 5 6,17,16 6 9,7,8,13,17 7 23,22,13,10,12,8,9,14 8 24,17,22 9 10,13 10 12,11 11 12 12 14 14 23 15 18,19,16,17,20 16 17 17 18,24 18 24,29,19,20 19 20 20 21,29,47 21 50,47 22 23,25,24 23 27,26,25 24 29,25 25 28,30,26,29 26 28,27,40 28 40,31,30 29 47,30 30 48,31 31 32 32 55 33 35,34 34 35,49,36 35 38,36,37 36 49,37,50 37 52,38,50 38 39 40 43,54 41 44,42 42 44,43 43 54,44,56,46 44 46,45 46 56,59 47 50,51,48,52 48 51 49 50 50 52 51 53,52 52 53 54 55,58,56 55 58,59,57,56 56 59,58
setup_map wastelands 6 13 44 48 50
settings starting_regions 4 8 10 17 25 27 32 38 43 53 57
settings starting_pick_amount 5
