settings timebank 10000
settings time_per_move 500
settings max_rounds 140
settings your_bot player2
settings opponent_bot player1
setup_map super_regions 1 3 2 3 3 4 4 5 5 3 6 3 7 3 8 2 9 1 10 3 11 1 12 3 13 5
setup_map regions 1 1 2 1 3 1 4 2 5 2 6 2 7 2 8 3 9 3 10 3 11 3 12 3 13 4 14 4 15 4 16 4 17 4 18 4 19 5 20 5 21 5 22 5 23 5 24 5 25 6 26 6 27 6 28 6 29 7 30 7 31 7 32 7 33 8 34 8 35 8 36 9 37 9 38 9 39 10 40 10 41 10 42 10 43 11 44 11 45 11 46 12 47 12 48 12 49 12 50 13 51 13 52 13 53 13 54 13 55 13 56 13
setup_map neighbors 1 3,13,2 2 4,3 3 4,13,6 4 5,6,7 5 9,8,7 6 7,13,15,14 7 15,9,12,16 8 9 9 11,10,12 10 11,20,23 11 12 12 16 13 14,17 14 17,15,18 15 18,16 19 25,26,22,20 20 21,22 21 26,24,23,22 22 26 24 43,26,44,45 25 35,26,27,33,28 26 44,27 27 28,44 28 44,47,35,48 29 36,37,30 30 40,37,39,31 31 32,40 32 53,42,52,40 33 35,34,38 34 38,36 35 50,48 36 39,38,37 37 39 38 39,50 39 50,40,41 40 42,41 41 54,51,50,42,55 42 52,55 43 45,49 44 46,47,45 45 46,49 46 49,47,48 47 48 48 51,50 50 51 51 54 52 53,55 54 55 55 56
setup_map wastelands 15 22 30 46 50
settings starting_regions 1 6 12 18 21 28 31 34 38 41 45 48 53
settings starting_pick_amount 5
