settings timebank 10000
settings time_per_move 500
settings max_rounds 192
settings your_bot player2
settings opponent_bot player1
setup_map super_regions 1 3 2 6 3 2 4 4 5 5 6 2 7 2 8 4 9 6 10 2 11 4 12 3 13 4 14 4 15 5 16 1 17 2
setup_map regions 1 1 2 1 3 1 4 1 5 2 6 2 7 2 8 2 9 2 10 2 11 2 12 3 13 3 14 3 15 3 16 4 17 4 18 4 19 4 20 5 21 5 22 5 23 5 24 5 25 5 26 6 27 6 28 6 29 6 30 7 31 7 32 7 33 7 34 8 35 8 36 8 37 8 38 9 39 9 40 9 41 9 42 9 43 9 44 10 45 10 46 10 47 10 48 11 49 11 50 11 51 11 52 11 53 12 54 12 55 12 56 12 57 12 58 13 59 13 60 13 61 13 62 14 63 14 64 14 65 14 66 14 67 15 68 15 69 15 70 15 71 15 72 16 73 16 74 16 75 17 76 17 77 17
setup_map neighbors 1 2,5,7,3 2 34,3 3 34,7,35,4 4 35,34,36 5 6,8,9,7 6 8 7 10,9,35 8 14,11,9,10 9 10 10 35,38,11,39 11 39 12 13,16,14 13 16,18,14,17,15 14 15 15 18 16 17 17 18,24,19,20,21,23 18 19 19 30,33,24 20 21 21 22,23,24,25 22 25 23 24 24 30,25 25 30,31,32 26 44,29,48,28,27 27 29,28,54,48 29 48 30 31,33,32 32 33,44 34 36,37 35 36,38 36 41,37,38 38 41,39,42 39 58,42,40 41 43,42,62 42 60,67,63,58,43 43 63,62 44 46,45,48,49 45 46 46 72,49,47,58 47 73,72,51,49 48 49,53,57,54 49 57,50,51 50 57,75,51 51 75,52,74,73 52 75 53 55,56,57,54 54 55 55 56 56 76,75,57 57 75 58 60,59 59 60,70,61 60 61,67 61 69,67,68 62 63,65 63 67,64,65 64 68,65,67 65 66,68 66 68,71 67 68 68 69,71 69 70 72 73 73 74 75 76,77 76 77
setup_map wastelands 1 30 35 37 41 61 72 74
settings starting_regions 4 8 15 19 25 27 31 36 43 44 50 54 58 65 70 73 75
settings starting_pick_amount 6
