settings timebank 10000
settings time_per_move 500
settings max_rounds 180
settings your_bot player1
settings opponent_bot player2
setup_map super_regions 1 6 2 3 3 5 4 0 5 1 6 5 7 4 8 2 9 4 10 3 11 0 12 5 13 2 14 0 15 1 16 1 17 2 18 6
setup_map regions 1 1 2 1 3 1 4 1 5 1 6 1 7 1 8 2 9 2 10 2 11 2 12 3 13 3 14 3 15 3 16 3 17 4 18 4 19 5 20 5 21 6 22 6 23 6 24 6 25 6 26 6 27 7 28 7 29 7 30 7 31 8 32 8 33 8 34 8 35 9 36 9 37 9 38 9 39 9 40 9 41 10 42 10 43 10 44 10 45 10 46 11 47 11 48 12 49 12 50 12 51 12 52 12 53 12 54 12 55 13 56 13 57 13 58 14 59 14 60 15 61 15 62 16 63 16 64 17 65 17 66 17 67 18 68 18 69 18 70 18 71 18 72 18
setup_map neighbors 1 2,8 2 4,9,10 3 6,10,4,36,11,8 4 5,10,46,7,6 5 7 6 36,47,46 7 58,46,47,59 8 12,10,9,11 9 10 11 36,15,12,16,35 12 13,15 13 15,14 14 27,17,15 15 16,27 16 35,27 17 31,27,18,19 18 31,19 19 20,21,32,31 20 21,32 21 32,23,22 22 23,25,24,32 23 25 24 30,33,32,34,25,41,29 25 26 27 35,31,28 28 29,48,35,31,39 29 50,49,42,34,48,31,30,41 30 41 31 32,33,34 32 33 33 34 35 39,38,37,36 36 37,55,47,60 37 55,40,38 38 39,40 39 48,40 40 55,48,62 41 42,44,43 42 50,43,45 43 44,45,51 44 51 45 51,50 46 47 47 60,64,61,59 48 50,63,62,49 50 52,63,51 51 53,52,54 52 53,72,67,63 55 61,60,62,56,57 56 57,69,70,62,67,68 57 61,68 58 59 59 65,64 60 61 61 68,64 62 63,67 63 67 64 66,65,68,71 65 66 66 71 67 69,72,70 68 71,70 69 70 70 71
setup_map wastelands 11 34 36 41 45 57 65 68 71
settings starting_regions 6 10 14 17 19 26 28 31 37 44 46 49 55 59 60 63 66 70
settings starting_pick_amount 6
