settings timebank 10000
settings time_per_move 500
settings max_rounds 197
settings your_bot player1
settings opponent_bot player2
setup_map super_regions 1 5 2 3 3 6 4 4 5 3 6 4 7 4 8 0 9 2 10 0 11 6 12 4 13 4 14 6 15 2 16 2 17 4 18 5
setup_map regions 1 1 2 1 3 1 4 1 5 1 6 1 7 2 8 2 9 2 10 3 11 3 12 3 13 3 14 3 15 3 16 4 17 4 18 4 19 4 20 5 21 5 22 5 23 5 24 5 25 6 26 6 27 6 28 6 29 7 30 7 31 7 32 7 33 8 34 8 35 9 36 9 37 9 38 9 39 10 40 10 41 11 42 11 43 11 44 11 45 11 46 11 47 12 48 12 49 12 50 12 51 13 52 13 53 13 54 13 55 13 56 14 57 14 58 14 59 14 60 14 61 14 62 15 63 15 64 15 65 16 66 16 67 16 68 17 69 17 70 17 71 17 72 17 73 17 74 17 75 18 76 18 77 18 78 18 79 18
setup_map neighbors 1 2,25 2 25,7,9,3,6 3 4,9,14,6,5 4 35,36,5,47,14,15 5 28,47,57,6,25,27 6 25 7 8,9 8 14,9,10 9 14 10 11,14,15 11 12,13,15 12 16,13 13 16,30,15,33 14 15 15 33,35,34 16 17,18,29,30 18 21,19,29,23 19 23,42,41,31,29 20 22,21 21 22,24,23 22 24 23 24,42 24 42,52 25 26,27 26 27 27 28,39,56 28 57,56 29 30,31 30 31,33 31 33,34,32,41 32 34,37,46,43,45,41 33 34 34 35,37 35 36,37 36 48,47,37,50,38 37 65,38,45 38 65,50,78,66,67 39 40,56 40 58,56 41 43,42 42 52,54,44,63,43,62 43 62,45,46 44 63 45 65,62,46,64,67 47 48,49,57 48 49,75,57,50 49 57 50 76,78,75 51 53 52 53,54 53 55,54 54 55,63 55 63,68 56 58,57 57 58,75,61 58 60,59,61 59 60 60 77,61 61 75,77 62 63,64 63 68,64 64 71,67,69,68 65 67 66 67,78 67 71 68 72,70,69 69 70,72,74,73,71 70 72 71 73 72 74 75 76,77 76 79,78,77 77 79 78 79
setup_map wastelands 9 16 17 28 30 31 40 61 68
settings starting_regions 2 7 10 18 21 25 29 34 35 39 41 48 52 56 62 66 74 76
settings starting_pick_amount 7
