settings timebank 10000
settings time_per_move 500
settings max_rounds 195
settings your_bot player2
settings opponent_bot player1
setup_map super_regions 1 4 2 0 3 5 4 2 5 1 6 3 7 4 8 4 9 3 10 0 11 4 12 5 13 4 14 3 15 6 16 2 17 2 18 0 19 3
setup_map regions 1 1 2 1 3 1 4 1 5 1 6 1 7 2 8 2 9 3 10 3 11 3 12 3 13 3 14 3 15 3 16 4 17 4 18 4 19 5 20 5 21 6 22 6 23 6 24 6 25 7 26 7 27 7 28 7 29 8 30 8 31 8 32 8 33 9 34 9 35 9 36 9 37 9 38 10 39 10 40 11 41 11 42 11 43 11 44 11 45 11 46 12 47 12 48 12 49 12 50 12 51 13 52 13 53 13 54 13 55 13 56 14 57 14 58 14 59 15 60 15 61 15 62 15 63 15 64 15 65 16 66 16 67 16 68 16 69 16 70 17 71 17 72 17 73 18 74 18 75 19 76 19 77 19 78 19
setup_map neighbors 1 7,5,3 2 3 3 5,21,4,6 4 21,30,31 5 12,7,6,8,14 6 21,14,23 7 9,8 8 13,12,9 9 10,19,20,13 10 11,17,19 11 17,16,18 12 14,13 13 20,15,34,14 14 15,46,23 15 34,47,46,35 16 18 17 18,25,28,19 18 26,28 19 25,20 20 33,34,25 21 22,31,23,40,30 22 23 23 46,24,48,40 24 40,70,42,48,56 25 27,33,38,51,34,28 26 27,28 27 38,28,39 29 30 30 32,40,31,41 32 40,41 33 34 34 51,35 35 36,47,51,37,73,60,53 36 60,47,50 37 73,53 38 39,51 39 52,53,51 40 42,41 41 42,43 42 45,70,43 43 44 45 70 46 47,48,49 47 49,50 48 59,56,49 49 59,50 50 60,63,59 51 53 52 65,54,53 53 54,73 54 65,66,55,73 55 66,73,74,68 56 59,61,57,70 57 70,61,58 58 76,72,70,61 59 62,61,76,63 60 73,64,63 61 76 62 63,75,76 63 75,77,64 64 78,77,73,74 65 67,66 66 68,69,67 68 69,74 70 71,72 71 72 73 74 74 78 75 76,77 76 77 77 78
setup_map wastelands 13 26 27 51 52 54 56 71 72
settings starting_regions 1 7 14 16 19 22 28 31 35 38 41 46 55 58 64 68 70 73 76
settings starting_pick_amount 6
