settings timebank 10000
settings time_per_move 500
settings max_rounds 175
settings your_bot player2
settings opponent_bot player1
setup_map super_regions 1 3 2 3 3 4 4 2 5 5 6 3 7 3 8 5 9 3 10 3 11 5 12 6 13 3 14 3 15 4
setup_map regions 1 1 2 1 3 1 4 2 5 2 6 2 7 2 8 3 9 3 10 3 11 3 12 3 13 3 14 4 15 4 16 4 17 4 18 5 19 5 20 5 21 5 22 5 23 5 24 6 25 6 26 6 27 6 28 6 29 7 30 7 31 7 32 7 33 7 34 8 35 8 36 8 37 8 38 8 39 8 40 9 41 9 42 9 43 9 44 9 45 10 46 10 47 10 48 10 49 11 50 11 51 11 52 11 53 11 54 12 55 12 56 12 57 12 58 12 59 12 60 12 61 13 62 13 63 13 64 14 65 14 66 14 67 15 68 15 69 15 70 15
setup_map neighbors 1 3,2 2 19,3,4 3 18,20,19 4 5,19,6 5 8,6 6 15,21,7,19 7 21,15 8 14,15,9 9 10,14,24,25 10 11,12,25,13 11 12 12 13 13 25 14 24,16,15 15 16 16 24,17 17 24,28 18 20,19,22 19 20,21,22 21 22,23 22 23,37 24 26,25,28 25 26,27 26 28,27 29 30,31 30 31 31 45,32,49 32 35,33,45 33 35,45 34 35 35 38,37,36,45 36 37 37 54,39,38,45 39 54,45 40 41 41 42,44 42 61,43,62,44 43 50,51,61 44 68,62 45 46,49,53,52,54,64 46 64,53,47,48 47 66,48,64 49 52,51,50 50 51 51 52,53,67,63,61 52 53 53 70,67 54 64,65,55,57 55 57,56,58 56 58,60 57 58,65,59,64,66 58 60,59 59 66 61 63,62 62 63,68 63 69,68,67 64 65,66 67 69,70 68 69 69 70
setup_map wastelands 11 17 38 43 57 69
settings starting_regions 2 4 10 14 22 27 33 36 40 45 52 56 61 66 67
settings starting_pick_amount 7
