settings timebank 10000
settings time_per_move 500
settings max_rounds 155
settings your_bot player2
settings opponent_bot player1
setup_map super_regions 1 1 2 3 3 5 4 5 5 3 6 4 7 5 8 2 9 1 10 4 11 2 12 3 13 4 14 1
setup_map regions 1 1 2 1 3 1 4 2 5 2 6 2 7 2 8 2 9 3 10 3 11 3 12 3 13 3 14 4 15 4 16 4 17 4 18 4 19 5 20 5 21 5 22 5 23 6 24 6 25 6 26 6 27 6 28 7 29 7 30 7 31 7 32 7 33 7 34 7 35 8 36 8 37 8 38 9 39 9 40 9 41 10 42 10 43 10 44 10 45 11 46 11 47 11 48 11 49 11 50 12 51 12 52 12 53 12 54 12 55 13 56 13 57 13 58 13 59 13 60 14 61 14 62 14
setup_map neighbors 1 3,2,4 3 11,9,7,6,4 4 5,6 5 6,8 6 8,7,38,51,50 7 11,38,39 9 12,11,10 10 12,35,15,16 11 39,12,13,36 12 35,36 13 39,56,36 14 17,16,15 15 16 16 17,18,36,35 17 20,18 18 37,41,36,58,57 19 20,23 20 21,41,23,22 21 41,22,42,43 22 43,23,24 23 24 24 25,26,42,43 25 26,27 26 42,27 28 31 29 30,45,34 30 32,31,34,33 31 60,32,33 33 60,34 34 60,48,62,47,45,49,61 35 36 36 55,56,37,57 37 57 38 39,51 39 51,40 40 53,51 41 42 42 44,43 45 46,48 46 47,48 47 49,48,52 49 62 50 52,51 51 53,52 52 53,54 53 54 55 57,58,59,56 56 59 57 58 58 59 60 61 61 62
setup_map wastelands 28 32 35 43 56 57 61
settings starting_regions 1 8 10 18 21 26 33 36 38 42 46 52 59 60
settings starting_pick_amount 6
