settings timebank 10000
settings time_per_move 500
settings max_rounds 115
settings your_bot player2
settings opponent_bot player1
setup_map super_regions 1 4 2 3 3 4 4 3 5 5 6 3 7 3 8 2 9 4 10 3 11 2
setup_map regions 1 1 2 1 3 1 4 1 5 2 6 2 7 2 8 2 9 3 10 3 11 3 12 3 13 3 14 4 15 4 16 4 17 4 18 5 19 5 20 5 21 5 22 5 23 5 24 6 25 6 26 6 27 7 28 7 29 7 30 7 31 8 32 8 33 8 34 8 35 9 36 9 37 9 38 9 39 10 40 10 41 10 42 10 43 11 44 11 45 11 46 11
setup_map neighbors 1 2 2 3,5,4 3 8,4,6,7,5 4 18,27,8 5 6 6 7,12,9 7 8,19,12 8 20,18,19 9 10,12 10 11,13,16,12 11 14,16 12 13,19,24,26,22 13 16,24 14 15,16 15 16,17 16 25,17,24 17 25 18 23,27,20,29 19 22,21,20 20 23,21,36,37 21 22,35,36,26 22 26 23 37,43,29 24 26,25 25 26,32,31 26 31,35 27 29,28 28 30,44,29 29 43,30 30 43,44 31 32,33,35 32 34,33 33 34,35,40 34 40 35 40,39,36 36 39,37 37 43,39,38 38 45,43 39 40 40 41,42 41 42 43 44,45 44 45,46 45 46
setup_map wastelands 4 26 27 30 44
settings starting_regions 3 7 10 14 19 24 29 31 35 41 43
settings starting_pick_amount 4
