settings timebank 10000
settings time_per_move 500
settings max_rounds 137
settings your_bot player1
settings opponent_bot player2
setup_map super_regions 1 1 2 4 3 1 4 3 5 5 6 3 7 3 8 2 9 3 10 3 11 1 12 5 13 3
setup_map regions 1 1 2 1 3 1 4 2 5 2 6 2 7 2 8 2 9 3 10 3 11 3 12 4 13 4 14 4 15 4 16 4 17 5 18 5 19 5 20 5 21 5 22 6 23 6 24 6 25 7 26 7 27 7 28 8 29 8 30 8 31 8 32 9 33 9 34 9 35 9 36 10 37 10 38 10 39 10 40 11 41 11 42 11 43 12 44 12 45 12 46 12 47 12 48 12 49 12 50 13 51 13 52 13 53 13 54 13 55 13
setup_map neighbors 1 17,2,3 2 3 3 18,17 4 23,22,5,6 5 6 6 7,24,8,23 7 8 8 24,9,30,28,29,10,11 9 10 10 11 11 28 12 13,17,25,14 13 14 14 16,25,15,36 15 36,26,25 17 25,26,18,20,27 18 19,20 19 27,21,20,22 20 27 21 38,27,40 22 24,23 23 24 24 29 25 26 26 27,36 27 38,37,36 28 30,32 29 30 30 31 31 33,40,34 32 35 33 34,40,35,43 35 43 36 37 37 38,39 40 41,43,42 41 42,50 42 51,50,43,44 43 44,45,47,46 44 47,51 45 47,46 46 48,47,49 47 51,49 50 53,52,51 51 54,52,55 52 54,53 53 54 54 55
setup_map wastelands 3 19 26 32 33 36
settings starting_regions 2 5 11 13 17 23 25 30 35 39 42 45 52
settings starting_pick_amount 5
