settings timebank 10000
settings time_per_move 500
settings max_rounds 105
settings your_bot player2
settings opponent_bot player1
setup_map super_regions 1 6 2 7 3 4 4 6 5 2 6 4 7 3 8 4
setup_map regions 1 1 2 1 3 1 4 1 5 1 6 1 7 2 8 2 9 2 10 2 11 2 12 2 13 2 14 3 15 3 16 3 17 3 18 3 19 4 20 4 21 4 22 4 23 4 24 4 25 4 26 5 27 5 28 5 29 6 30 6 31 6 32 6 33 7 34 7 35 7 36 7 37 7 38 8 39 8 40 8 41 8 42 8
setup_map neighbors 1 3 2 6,15,3,5 3 5,20,4 4 8,20,19 5 16,27,20,6 6 15,16 7 8 8 9,11,10,19 9 11,10 10 12,11,13,23,24,25 11 19,22,13,21,20 12 23 13 22,24 14 15 15 16 16 27,17,30 17 18,30 18 30 19 20 20 21,26,27,28,22 21 22 22 28,24 23 25 24 25,38,40,28 25 40 26 27,28 27 30,31,29,28 28 38,32,29 29 32,31,33,34,35 30 31,33 31 33 32 39,35,41,34,38 33 36,35,37 34 35 35 41,36 36 37,41 37 41 38 39,40,42 39 41,42 40 42 41 42
setup_map wastelands 21 30 33 41
settings starting_regions 2 13 18 23 26 29 34 42
settings starting_pick_amount 4
