settings timebank 10000
settings time_per_move 500
settings max_rounds 162
settings your_bot player2
settings opponent_bot player1
setup_map super_regions 1 6 2 1 3 4 4 4 5 6 6 4 7 2 8 2 9 3 10 3 11 3 12 2 13 3 14 0
setup_map regions 1 1 2 1 3 1 4 1 5 1 6 1 7 2 8 2 9 2 10 3 11 3 12 3 13 3 14 4 15 4 16 4 17 4 18 5 19 5 20 5 21 5 22 5 23 5 24 5 25 6 26 6 27 6 28 6 29 6 30 6 31 7 32 7 33 7 34 7 35 8 36 8 37 8 38 8 39 9 40 9 41 9 42 9 43 9 44 10 45 10 46 10 47 10 48 10 49 11 50 11 51 11 52 11 53 11 54 12 55 12 56 12 57 12 58 12 59 13 60 13 61 13 62 13 63 13 64 14 65 14
setup_map neighbors 1 2 2 7,4,3 3 4,5 4 6,18,8,7,5 5 20,6 6 20,18,21,22 7 8 8 9 9 31 10 14,11 11 13,14 12 16,35,13 13 16,15,14 14 25,27,15 15 25,26,16 16 26,17,28,35 17 35,37,28 18 19,21 19 21,32 20 23,22 21 22,24,55 22 24,23 23 24 24 56 25 26,27 26 29,27,28,30 27 29 28 38,37 29 30 31 33,32 32 39,40 33 34,50,49,39,41 34 36,44,50 35 37,36 36 37,38,44 37 38 38 45,44 39 41,40 40 43,41,54 41 43,49 42 43 43 62 44 45,52,50 45 47,46,48,52 46 48 47 52,48 48 65,52 49 51,50 50 52,51 51 52,64,53 52 64,65 54 55 55 59,56 56 59,57,58 57 58 59 63,61 60 62,61 61 62,63 64 65
setup_map wastelands 16 17 18 25 35 49 65
settings starting_regions 4 9 10 14 20 29 34 37 41 46 53 57 59 64
settings starting_pick_amount 6
