settings timebank 10000
settings time_per_move 500
settings max_rounds 180
settings your_bot player2
settings opponent_bot player1
setup_map super_regions 1 5 2 2 3 4 4 5 5 4 6 5 7 5 8 5 9 1 10 4 11 3 12 3 13 2 14 3 15 4
setup_map regions 1 1 2 1 3 1 4 1 5 1 6 1 7 1 8 2 9 2 10 2 11 2 12 3 13 3 14 3 15 3 16 4 17 4 18 4 19 4 20 4 21 5 22 5 23 5 24 5 25 6 26 6 27 6 28 6 29 6 30 6 31 7 32 7 33 7 34 7 35 7 36 7 37 8 38 8 39 8 40 8 41 8 42 8 43 9 44 9 45 9 46 9 47 10 48 10 49 10 50 10 51 10 52 11 53 11 54 11 55 11 56 12 57 12 58 12 59 12 60 12 61 13 62 13 63 13 64 13 65 14 66 14 67 14 68 14 69 15 70 15 71 15 72 15
setup_map neighbors 1 2,4,8 2 3,5,4 3 5,7 4 8,5,6 5 6,7 6 16,7,8 8 11,10,9,16 9 10 10 17,11 11 17,16 12 15,14,13 13 22,15 14 15 15 22,27,24,26 16 19,18,17 17 18,48 18 19,49,48 19 20,49 20 50,49 21 23,22 22 31,24,23 23 31 24 53,27,31,52,56 25 29,26 26 29,56,27,57,30 27 56 28 29,30 29 30 30 68,44,57,66,43,46 31 33,52,32 32 38,33,35,34 33 34,53,52 34 36,55,53,35 35 39,41,38 37 39,38 38 39 39 40,41 40 63,41,61,48 41 64,42,63 43 45,44,46 44 46 45 46 46 66,65 47 48 48 61,51,49 49 51,50,61 50 69,70,62,61 51 61 52 53 53 54,56,55 54 56,55,59 55 59 56 58,57,59 57 68,60,58 58 59,60 60 68,66 61 64,63,71,62,70 62 70 63 64 64 71,70 65 66,67 66 67,68 69 70,72 70 71,72
setup_map wastelands 14 26 27 31 41 51 52
settings starting_regions 1 10 12 18 23 28 35 39 44 49 55 56 61 67 70
settings starting_pick_amount 4
