settings timebank 10000
settings time_per_move 500
settings max_rounds 185
settings your_bot player1
settings opponent_bot player2
setup_map super_regions 1 5 2 3 3 6 4 1 5 5 6 6 7 4 8 5 9 4 10 3 11 2 12 3 13 4 14 3 15 1
setup_map regions 1 1 2 1 3 1 4 1 5 1 6 1 7 1 8 2 9 2 10 2 11 2 12 2 13 2 14 3 15 3 16 3 17 3 18 3 19 3 20 3 21 4 22 4 23 4 24 5 25 5 26 5 27 5 28 5 29 5 30 5 31 6 32 6 33 6 34 6 35 6 36 6 37 6 38 7 39 7 40 7 41 7 42 7 43 8 44 8 45 8 46 8 47 8 48 9 49 9 50 9 51 9 52 9 53 10 54 10 55 10 56 10 57 11 58 11 59 11 60 11 61 12 62 12 63 12 64 12 65 13 66 13 67 13 68 13 69 14 70 14 71 14 72 15 73 15 74 15
setup_map neighbors 1 6,4 2 5,4 3 5 4 7,6,5,24 5 7 6 24 7 24,27,26,25 8 11 9 11,14,10,13 10 16,13,14 11 31,12,32,17,13 12 31 13 17,16 14 15,16 15 16 16 22,19,20,18,17 17 32,34,18,20,61 18 20 19 23,20,22,21,62,61 20 61 21 22,23 23 48 24 26,28 25 26,27,29 26 29,28,30,27,65 29 66,30,57,60 30 66,65 31 33,34,32 32 34 33 53,54,34,35 34 36,35,61 35 36,54 36 61,37,56,54 37 56,63,61 38 40,39,44,42,41,48 39 44 40 41,50,48 41 51,47,50,42,46,44,72 42 44 43 44,45 44 45,46,47 45 47 46 47 47 73,72 48 50,49 49 50,69,62 50 52,70,51,69 51 52,72 52 72,71,70,74 53 58,55,54,56 54 56 57 60,59 58 59 59 60 60 66,68 61 63,62,64 62 64 63 64 65 66 66 67,68 67 68 69 70 70 71 72 74,73 73 74
setup_map wastelands 7 10 30 39 53 55 70
settings starting_regions 1 11 19 21 24 32 42 43 49 56 57 63 67 69 73
settings starting_pick_amount 7
