settings timebank 10000
settings time_per_move 500
settings max_rounds 170
settings your_bot player1
settings opponent_bot player2
setup_map super_regions 1 7 2 3 3 5 4 4 5 3 6 3 7 5 8 1 9 1 10 5 11 4 12 3 13 4 14 3
setup_map regions 1 1 2 1 3 1 4 1 5 1 6 1 7 1 8 2 9 2 10 2 11 2 12 3 13 3 14 3 15 3 16 3 17 4 18 4 19 4 20 4 21 5 22 5 23 5 24 5 25 6 26 6 27 6 28 7 29 7 30 7 31 7 32 7 33 7 34 7 35 8 36 8 37 8 38 9 39 9 40 9 41 10 42 10 43 10 44 10 45 10 46 11 47 11 48 11 49 11 50 11 51 11 52 11 53 12 54 12 55 12 56 12 57 12 58 12 59 13 60 13 61 13 62 13 63 13 64 14 65 14 66 14 67 14 68 14
setup_map neighbors 1 2,8 2 5,4,3,8 3 25,8,7,10,4 4 5,26,27,25,6 5 6 6 28,27 7 11,26,25,10 8 10,9 9 10 10 11 12 13,14 13 15,14 14 15,21 15 35,16,21 16 24,23,21,35,36 17 19,28 18 19,20 19 28,29,30,20 20 21,29,42 21 23,22 22 45,42,23,24 23 24 24 36 25 26 26 38,27 27 38,39,40 28 30 29 42,30 30 31,41,32,42,43 31 32,33,43 32 34,33 33 43,34 34 43,65,60,59 35 36,37 38 40,55 39 40 41 42,43 42 45,44,43 43 44 44 45 46 47,53,54 47 48,52,51,50,54 48 49,52,54 49 52,54,55,57,58,56 50 51 51 52 52 58 53 54 54 55 55 56 56 58,57 57 58 59 61,62,60 60 63,62,65,67 61 62 62 63 64 66,65,67 65 67 66 68,67 67 68
setup_map wastelands 13 27 36 46 47 65 66
settings starting_regions 4 8 16 18 21 25 31 37 39 42 52 53 60 68
settings starting_pick_amount 5
