settings timebank 10000
settings time_per_move 500
settings max_rounds 150
settings your_bot player1
settings opponent_bot player2
setup_map super_regions 1 3 2 2 3 3 4 4 5 5 6 6 7 3 8 3 9 1 10 5 11 1 12 6 13 1
setup_map regions 1 1 2 1 3 1 4 1 5 2 6 2 7 2 8 2 9 3 10 3 11 3 12 3 13 3 14 3 15 4 16 4 17 4 18 4 19 4 20 5 21 5 22 5 23 5 24 5 25 6 26 6 27 6 28 6 29 6 30 6 31 6 32 7 33 7 34 7 35 8 36 8 37 8 38 8 39 8 40 9 41 9 42 9 43 10 44 10 45 10 46 10 47 10 48 10 49 11 50 11 51 11 52 12 53 12 54 12 55 12 56 12 57 12 58 13 59 13 60 13
setup_map neighbors 1 3,2 2 15,16,3,5 3 4,17,15 4 15,17 5 16,6,8 6 9,7,12,8 7 12,9,13 8 12,21,20,16,15 9 10,11,13 10 11 11 13 12 21,13 13 14 14 35 15 16,17,20 17 22,19,18,20 18 19,34 19 22,49,43,24 20 21,22 21 22 22 23,24 23 24 24 43 25 28,27,26,33 26 33 27 41,29,28 28 33,29,31,30 29 41,42,31,58,59 30 33,31 31 60,58 32 33,34 33 34 35 37,36,38 36 39,45,38 37 38 38 45,44 39 47,46,45 40 41 41 42 42 59 43 50,44,52,49 44 45,52 45 46,48,52 46 47,48 47 48 48 52,57 49 50 50 52,51,54,53 51 52,54 52 57,54 53 54,55 54 56,55,57 55 56 56 57 58 59,60
setup_map wastelands 23 40 43 44 48
settings starting_regions 3 8 12 15 21 31 33 35 42 47 50 54 60
settings starting_pick_amount 5
