settings timebank 10000
settings time_per_move 500
settings max_rounds 110
settings your_bot player2
settings opponent_bot player1
setup_map super_regions 1 3 2 2 3 2 4 2 5 3 6 4 7 6 8 2 9 2 10 2
setup_map regions 1 1 2 1 3 1 4 1 5 2 6 2 7 2 8 2 9 3 10 3 11 3 12 3 13 4 14 4 15 4 16 5 17 5 18 5 19 5 20 6 21 6 22 6 23 6 24 6 25 6 26 7 27 7 28 7 29 7 30 7 31 7 32 7 33 8 34 8 35 8 36 8 37 9 38 9 39 9 40 9 41 10 42 10 43 10 44 10
setup_map neighbors 1 2,9,6 2 11,9,4,6,3,26 3 22,20,4,6,8,34,26,7 4 26 5 7,6 6 7 7 13,8 8 13,20 9 10,11,12 10 16,11,17,12 11 12,26,28,17 13 14,20,15 14 15 15 21,20 16 18,27,19,17 17 28,18 18 27,28 19 27 20 23,22,21 21 23 22 35,34,23,24 23 24,25,36,35 24 35 26 28,29,33,34 27 31,32,28,30 28 32,29 29 38,32,37,33 32 43,42,38 33 34,35,37 34 35 35 37,36,39 37 38,40,39 38 44,41,40,43 39 41,40 40 41 41 44,43 42 43
setup_map wastelands 1 18 22 25 31
settings starting_regions 4 8 10 13 17 24 29 33 38 42
settings starting_pick_amount 3
