settings timebank 10000
settings time_per_move 500
settings max_rounds 205
settings your_bot player2
settings opponent_bot player1
setup_map super_regions 1 5 2 3 3 0 4 3 5 5 6 7 7 2 8 4 9 3 10 0 11 3 12 4 13 2 14 0 15 5 16 3 17 0 18 6 19 3 20 3
setup_map regions 1 1 2 1 3 1 4 1 5 1 6 2 7 2 8 2 9 3 10 3 11 4 12 4 13 4 14 4 15 4 16 5 17 5 18 5 19 5 20 5 21 6 22 6 23 6 24 6 25 6 26 6 27 6 28 7 29 7 30 7 31 7 32 8 33 8 34 8 35 8 36 8 37 9 38 9 39 9 40 10 41 10 42 11 43 11 44 11 45 11 46 12 47 12 48 12 49 12 50 12 51 13 52 13 53 13 54 13 55 14 56 14 57 15 58 15 59 15 60 15 61 15 62 15 63 15 64 16 65 16 66 16 67 16 68 17 69 17 70 18 71 18 72 18 73 18 74 18 75 18 76 19 77 19 78 19 79 20 80 20 81 20 82 20
setup_map neighbors 1 21,6,3,2 2 3,4,5 3 4,21 4 38,25,37,5,21,23,26,27 5 37 6 21,9,22,7 7 8,11,22,10,14,9 8 15,14,24,22,46,26,47 9 10 10 11 11 12,14 12 13,14 13 17,19,14,16,29,28 14 28,15 15 47,51,49,28 16 17 17 18,19 18 20,19,32 19 32,29 20 32,33,41 21 23,22 22 24,23 23 26,24 24 26 25 26 26 48,27,46 27 48,57,43,38 28 31,30,51,29,52 29 30,32 30 31,32 31 52,32,34,36 32 33,34 33 34,41,55,35,40 34 55,56,36 35 55 36 70,52,56 37 43,39,38,44,42 38 43 39 44,43 40 41 42 44 43 57,58,45,44 44 65,45,66 45 58,66 46 47,48,50 47 49,50 48 57,68,50 49 50,69,52,53,51 50 68,69 51 52 52 53,70,71 53 71,72,69,54 54 72,80,69,79 55 56 56 74,70 57 76,60,58,68,69 58 59,61,60,66 59 77,63,78,61,62,60 60 76,77 61 66,62 62 66,63 63 77 64 65 65 67,66 66 67 68 69 69 79,76 70 73,74,72,71 71 72 72 73,81,82,80 73 74,81,75 74 75 75 81 76 77,79 77 78,79 79 80 80 82,81 81 82
setup_map wastelands 7 10 15 23 27 49 59 62 74
settings starting_regions 1 8 9 12 18 26 30 34 38 41 45 50 53 56 63 66 68 75 77 82
settings starting_pick_amount 7
