settings timebank 10000
settings time_per_move 500
settings max_rounds 185
settings your_bot player1
settings opponent_bot player2
setup_map super_regions 1 5 2 1 3 3 4 3 5 3 6 4 7 2 8 3 9 4 10 2 11 1 12 3 13 6 14 5 15 5 16 0 17 4 18 1 19 3 20 1
setup_map regions 1 1 2 1 3 1 4 1 5 1 6 2 7 2 8 2 9 3 10 3 11 3 12 4 13 4 14 4 15 4 16 5 17 5 18 5 19 5 20 6 21 6 22 6 23 6 24 7 25 7 26 7 27 8 28 8 29 8 30 9 31 9 32 9 33 9 34 10 35 10 36 10 37 10 38 11 39 11 40 12 41 12 42 12 43 13 44 13 45 13 46 13 47 13 48 13 49 14 50 14 51 14 52 14 53 14 54 15 55 15 56 15 57 15 58 15 59 15 60 16 61 16 62 17 63 17 64 17 65 17 66 18 67 18 68 18 69 19 70 19 71 19 72 19 73 20 74 20
setup_map neighbors 1 2 2 6,4,3 3 8,4,6 4 29,27,8,5 5 8,32,29,31,33 6 7,8 7 9,8 8 9,31 9 10,31,11,30 10 11,13,12,14 11 14,30 12 18,13,16,17,15,14 13 14 14 34,30,15 15 34,18 16 17 17 19,20,18 18 34,19 19 21,34,22,35,20 20 24,25,21 21 25,22,23 22 23,54,60,35 23 41,60,40,26,25 24 25,26 25 26 26 40 27 28,29 28 29,32 29 32 30 31,38,43,34 31 33,43 32 50,49,33 33 43,45,49 34 35,36,38 35 37,44,54,36 36 44,38 37 55,44,54,48 38 43,44,39,45 39 45,46,44 40 41 41 42,62,60 42 62 43 45 44 48,46 45 46,52,51,49,47 46 66,47,69,48,55,71 47 52,66 48 55 49 51,50 50 51,52,53 51 52 52 67,53,66 54 55,56,60 55 59,56,71 56 58,59,57,60 57 60,58 58 74,64,61,63,65,59,60 59 73,71,72,74 60 62,61 61 62,63 62 63 63 65 64 65,74 65 74 66 68,67,69 67 68 68 70,69 69 70,71 70 71 71 72 73 74
setup_map wastelands 1 2 5 8 18 25 32 35 46 68
settings starting_regions 4 7 11 12 19 21 26 28 31 36 38 42 48 49 56 60 65 66 70 74
settings starting_pick_amount 10
