settings timebank 10000
settings time_per_move 500
settings max_rounds 182
settings your_bot player2
settings opponent_bot player1
setup_map super_regions 1 5 2 5 3 2 4 2 5 5 6 2 7 3 8 3 9 3 10 2 11 7 12 5 13 4 14 5 15 5
setup_map regions 1 1 2 1 3 1 4 1 5 1 6 2 7 2 8 2 9 2 10 2 11 2 12 3 13 3 14 3 15 3 16 4 17 4 18 4 19 4 20 5 21 5 22 5 23 5 24 5 25 6 26 6 27 6 28 6 29 7 30 7 31 7 32 7 33 8 34 8 35 8 36 9 37 9 38 9 39 9 40 10 41 10 42 10 43 10 44 11 45 11 46 11 47 11 48 11 49 11 50 11 51 12 52 12 53 12 54 12 55 12 56 13 57 13 58 13 59 13 60 13 61 13 62 14 63 14 64 14 65 14 66 14 67 14 68 14 69 15 70 15 71 15 72 15 73 15
setup_map neighbors 1 2,3,6 2 6,8,4,3 3 4 4 40,5,29,9,8 5 29,40 6 7,8 7 9,8 8 9 9 11,10,30,29 10 29 12 13,16 13 14,16,15 14 19,33,16,44,15 15 44,30,32 16 18,19,17 17 18,20 18 19,23,20 19 51,33,24,23 20 23,21,24,27,36,22 21 22 22 27,25,28 23 24 24 36,51 25 26,28 26 28 27 28,36 28 37,36 29 31,41,30,42,32,40 30 32 31 42,32 32 42,57 33 44,34,35,51 34 35,53,46,44 35 51,53 36 37,39,38,52,51 37 39 38 39,52,69 39 69 40 41,56,43 41 42,56 42 58,56,57 43 56 44 46,45 45 46,48 46 53,47,48 47 53,50,49,48,54,62,51 48 63,49,64 49 50,64,65 50 62,65 51 52,54,53 52 55,54,69,62 54 62,55 55 62 56 60,59,58 57 58 58 61,60 62 71,69,70,65 63 67,64 64 67,65,66 65 68,66,71 66 68 68 71,73 69 70,72 70 71,72 71 73,72
setup_map wastelands 14 35 37 56 59 61 63
settings starting_regions 4 10 13 17 21 26 30 33 36 40 48 55 58 66 72
settings starting_pick_amount 6
