settings timebank 10000
settings time_per_move 500
settings max_rounds 140
settings your_bot player1
settings opponent_bot player2
setup_map super_regions 1 6 2 3 3 3 4 3 5 4 6 3 7 3 8 6 9 3 10 2 11 1 12 3
setup_map regions 1 1 2 1 3 1 4 1 5 1 6 1 7 1 8 2 9 2 10 2 11 3 12 3 13 3 14 3 15 4 16 4 17 4 18 4 19 4 20 5 21 5 22 5 23 5 24 5 25 6 26 6 27 6 28 6 29 7 30 7 31 7 32 7 33 8 34 8 35 8 36 8 37 8 38 8 39 8 40 9 41 9 42 9 43 9 44 9 45 9 46 10 47 10 48 10 49 10 50 10 51 11 52 11 53 11 54 12 55 12 56 12
setup_map neighbors 1 5,4,2,20,3 2 3 3 21,7,23,6,8,20,10 4 5 5 21,22,20 6 7,10 7 23,10,35,26 8 9,10 9 10,26 11 12,13,16,25,15 12 25,14,16 13 25,26 14 25,16 15 17,16 16 17,19,25 17 29,18,19 19 29,25,30 20 21 21 23,22,24,33 25 27,30,28,26 26 27 27 28 28 30,32,46 29 31,30 30 32,31 31 32,40,41 32 40,43 33 34,35 34 37,35 35 38,36,39,37 36 38 37 39 38 46,47,39 39 52,51,47 40 42,41,43 41 42 42 55,54,44,43 43 44,45,56,54 44 54 46 48,47 47 52,48,50 48 49,50 50 52 51 52 52 53 54 55,56
setup_map wastelands 20 34 48 50 52 53
settings starting_regions 2 8 12 16 24 25 30 35 43 49 51 55
settings starting_pick_amount 5
