settings timebank 10000
settings time_per_move 500
settings max_rounds 137
settings your_bot player1
settings opponent_bot player2
setup_map super_regions 1 2 2 3 3 3 4 4 5 5 6 2 7 6 8 4 9 3 10 5 11 1 12 3
setup_map regions 1 1 2 1 3 1 4 1 5 2 6 2 7 2 8 2 9 3 10 3 11 3 12 3 13 3 14 4 15 4 16 4 17 4 18 5 19 5 20 5 21 5 22 5 23 6 24 6 25 6 26 6 27 7 28 7 29 7 30 7 31 7 32 7 33 8 34 8 35 8 36 8 37 8 38 8 39 9 40 9 41 9 42 9 43 10 44 10 45 10 46 10 47 10 48 10 49 11 50 11 51 11 52 11 53 12 54 12 55 12
setup_map neighbors 1 2,5 2 3,14,5 3 4,14,5,15,17 4 15,5,8,6 5 6 6 8,11,7 7 11,9 8 11,15 9 10,11 10 11 11 13,15,12 13 15 14 16,17 15 18,17,19 17 19,18 18 19 19 25,23,21,20 20 21,22 21 25,43,44,46,24,22 22 43,48,46 23 24,25,34 24 25,26,45,44 26 45,36 27 28 28 30,33,31,32,35 29 30 30 31,39,40,32 31 32 32 55,40,37,35,42 33 35,37,34 34 37,38,36 35 37 37 53,54,38,55 39 40 40 41,42 41 42 42 55 43 50,46,48,44,45 44 45 45 49,47,51,50 49 51 50 51 51 52 53 55,54 54 55
setup_map wastelands 11 13 15 21 35 36
settings starting_regions 4 5 9 14 19 25 31 34 39 44 52 53
settings starting_pick_amount 5
