settings timebank 10000
settings time_per_move 500
settings max_rounds 127
settings your_bot player1
settings opponent_bot player2
setup_map super_regions 1 5 2 5 3 2 4 3 5 2 6 2 7 5 8 4 9 5 10 4
setup_map regions 1 1 2 1 3 1 4 1 5 1 6 1 7 2 8 2 9 2 10 2 11 2 12 2 13 2 14 3 15 3 16 3 17 4 18 4 19 4 20 4 21 5 22 5 23 5 24 5 25 5 26 6 27 6 28 6 29 7 30 7 31 7 32 7 33 7 34 8 35 8 36 8 37 8 38 8 39 8 40 9 41 9 42 9 43 9 44 9 45 9 46 10 47 10 48 10 49 10 50 10 51 10
setup_map neighbors 1 2 2 4,3,5,18,19 3 46,19,6,47,5,48 4 19,18 5 19 6 48,22 7 12,8 8 12,9 9 10,11,13,26,12 10 11 11 13,14,15 12 21,35,34,26 13 26,15 14 15 15 27,26,16 16 27,28 17 18 18 31,29,19 19 32,31,46,47,49,20 20 32,43,49,45,51 21 23,35,24 22 23,25 23 24,36 24 35,36 25 48 26 34,27,28,38 27 28 29 30,31 30 40,42,33,43,31 31 43,32 32 43 33 43 34 35,38 35 37,36,38 36 37,38 37 38 38 39 40 41,42 41 42,44 42 43,44 43 45,44 44 45 46 47 47 48,49 48 50,49 49 51,50
setup_map wastelands 1 12 21 34 45
settings starting_regions 4 8 16 19 25 26 30 36 40 51
settings starting_pick_amount 5
