settings timebank 10000
settings time_per_move 500
settings max_rounds 147
settings your_bot player2
settings opponent_bot player1
setup_map super_regions 1 5 2 4 3 1 4 4 5 2 6 2 7 3 8 6 9 2 10 3 11 5 12 3
setup_map regions 1 1 2 1 3 1 4 1 5 1 6 1 7 1 8 2 9 2 10 2 11 2 12 2 13 3 14 3 15 3 16 4 17 4 18 4 19 4 20 4 21 4 22 4 23 5 24 5 25 5 26 5 27 6 28 6 29 6 30 6 31 7 32 7 33 7 34 7 35 7 36 7 37 8 38 8 39 8 40 8 41 8 42 8 43 8 44 9 45 9 46 9 47 10 48 10 49 10 50 11 51 11 52 11 53 11 54 11 55 12 56 12 57 12 58 12 59 12
setup_map neighbors 1 2,5,4,28,27 2 3,5,8 3 8 4 27 5 6,29,28,8 6 11,39,7,12,38,8,29 7 37,38,39 8 10,12,9,11 9 10,13,14,23 10 24,11,23 11 23,12,26,39,32 13 14 14 15,23 15 16 16 32,22,17 17 18,22 18 22,19,21 19 21,20 20 21 21 33,22 22 32,34,33 23 24,25,26 25 26 27 28,30,44 28 29,37,30 29 38,37 30 37,44,41 31 32 32 35,36,34 33 34 34 36,35 35 36 37 38,40,41,39 39 40 40 42,41,47 41 42,45,44 42 43,50,49,47,45 43 45,50 44 45 45 46 47 49,48,51,55 49 51,50 50 52,51 51 52,55,53 52 53,59,54,57 53 55,57 54 59 55 57,56 56 57,58 57 59
setup_map wastelands 21 27 31 38 52 54
settings starting_regions 4 10 13 16 24 29 33 41 44 48 51 56
settings starting_pick_amount 5
