settings timebank 10000
settings time_per_move 500
settings max_rounds 127
settings your_bot player2
settings opponent_bot player1
setup_map super_regions 1 3 2 3 3 3 4 3 5 3 6 5 7 3 8 5 9 5 10 2
setup_map regions 1 1 2 1 3 1 4 1 5 1 6 1 7 2 8 2 9 2 10 2 11 2 12 3 13 3 14 3 15 3 16 3 17 3 18 4 19 4 20 4 21 5 22 5 23 5 24 6 25 6 26 6 27 6 28 6 29 7 30 7 31 7 32 7 33 7 34 8 35 8 36 8 37 8 38 8 39 8 40 8 41 9 42 9 43 9 44 9 45 9 46 9 47 9 48 10 49 10 50 10 51 10
setup_map neighbors 1 2,3 2 4,7,9,3 3 4,21 4 9,5,6 5 9 6 9,19,24,23 7 8,10,9 8 11,10 9 18,10,19 10 18,11 11 18 12 13,21 13 14,21,15 14 16,15,34,17,22 15 22,21 16 34 17 34,22 18 20,19 19 20,30 21 23,22 22 36,34,23 23 37,36,41 24 25,42,27,26 25 32,29,48,49,27 26 46,27,28,44,42 27 49,28 28 51,49,48 29 31,32,30 30 31 31 33,32 32 33,48 33 50,48 34 35,38,40,36 35 40 36 38,37 37 39,38,43 38 39 41 42,45,43 42 44,45 43 45,46,47 44 45,46 45 46 48 51,50,49 50 51
setup_map wastelands 2 3 8 35 44
settings starting_regions 4 7 15 18 22 28 30 34 42 49
settings starting_pick_amount 5
