settings timebank 10000
settings time_per_move 500
settings max_rounds 182
settings your_bot player2
settings opponent_bot player1
setup_map super_regions 1 6 2 3 3 0 4 3 5 0 6 4 7 4 8 0 9 1 10 1 11 5 12 2 13 1 14 1 15 3 16 4 17 2 18 4 19 5 20 3
setup_map regions 1 1 2 1 3 1 4 1 5 1 6 1 7 2 8 2 9 2 10 3 11 3 12 4 13 4 14 4 15 4 16 5 17 5 18 6 19 6 20 6 21 6 22 6 23 7 24 7 25 7 26 7 27 7 28 8 29 8 30 9 31 9 32 9 33 10 34 10 35 11 36 11 37 11 38 11 39 11 40 12 41 12 42 12 43 12 44 13 45 13 46 13 47 14 48 14 49 14 50 15 51 15 52 15 53 16 54 16 55 16 56 16 57 17 58 17 59 17 60 18 61 18 62 18 63 18 64 19 65 19 66 19 67 19 68 19 69 19 70 20 71 20 72 20 73 20
setup_map neighbors 1 7,2,28 2 9,4,3,28,7 3 4,29,35,36,28 4 9,6,37,36,5 5 6,9,30,13 6 37,32,31,30 7 8,9 8 9,10 9 13,11,10 10 12,11 11 13,12 12 13,14,16,17 13 14,30 14 15,30,17,18 15 18,40,41,30,21,22 16 17 17 18 18 20,19,21 19 20,21,24 21 22,24,25,50,44,46 22 50,42,40,51 23 26,25,27 24 25 25 26,44,45 26 45,27 27 45 28 29 29 35 30 31,41,47 31 47,32 32 47,39,37 33 35,38,34 35 57,38,36 36 57,37,58,60 37 60,39 38 57 39 47,48,49,60 40 42,41 41 47,42 42 51,47,43 43 47,48,51,64 44 45,46 45 53,46 46 53,54,50 47 48 48 64,49,67,70 49 70,62,60 50 51,54,64,52 51 64 52 54,65,64 53 54,55 54 55,56,65 56 68,65 57 58,59 58 60,61,59 59 61 60 62,61 61 62,63 62 70,63 63 73,70 64 66,65,71,67 65 66,68 66 68,69,71 67 71,70 68 69 69 71 70 72,71,73 71 72
setup_map wastelands 7 10 11 15 17 23 31 34 55 59
settings starting_regions 2 9 14 16 19 26 29 32 33 39 40 45 49 50 53 57 60 65 70
settings starting_pick_amount 8
