settings timebank 10000
settings time_per_move 500
settings max_rounds 202
settings your_bot player1
settings opponent_bot player2
setup_map super_regions 1 3 2 1 3 0 4 3 5 2 6 6 7 2 8 2 9 4 10 5 11 3 12 1 13 3 14 0 15 6 16 1 17 4 18 4 19 0 20 0 21 1
setup_map regions 1 1 2 1 3 1 4 1 5 1 6 2 7 2 8 2 9 3 10 3 11 4 12 4 13 4 14 4 15 4 16 5 17 5 18 5 19 5 20 6 21 6 22 6 23 6 24 6 25 6 26 6 27 7 28 7 29 7 30 8 31 8 32 8 33 9 34 9 35 9 36 9 37 10 38 10 39 10 40 10 41 10 42 11 43 11 44 11 45 11 46 12 47 12 48 12 49 13 50 13 51 13 52 13 53 13 54 14 55 14 56 15 57 15 58 15 59 15 60 15 61 15 62 15 63 16 64 16 65 16 66 17 67 17 68 17 69 17 70 18 71 18 72 18 73 18 74 18 75 18 76 19 77 19 78 20 79 20 80 21 81 21
setup_map neighbors 1 2 2 5,4,7,6,3 3 4 4 5,33,42 5 33,7,27,37,34 6 7 7 9,27,8 8 9 9 11,13,10,27 10 13,28,27 11 13,14,12 12 15,14,16,21 13 28,14,29 14 15,29 15 32,29,21,30,31 16 22,21,17,19 17 19 18 20,19 19 20,23,22,24 20 24 21 47,30,32,49,50,22,23 22 23 23 51,24,49,25 25 26,51 26 52,51 27 37,28 28 38,29,37 29 38,31,32 30 32 31 32 32 46,47,38 33 35,42,43,34,36 34 36,37 35 43,36 36 63,45,43,41,37 37 38,54,66,41 38 54,39,40,46 39 46,40,48 40 55,70,71,54,48 41 66,63 42 43 43 45,44 44 45 45 63,64 46 47,48 47 49,56,48 48 58,70,56 49 56,57,51,52,50 51 52 52 76,53,57,77 53 77,76,61 54 55,66 55 66,71 56 76,57,58,60,59 57 76 58 59,70 59 60,70,81,80,74 60 76,62,81,61 61 76,62 63 65,66,64 64 65,78 65 66,68,78 66 67,71,68 67 72,68,71,69 68 69,79,78 69 75,72 70 74,71,73,75 71 73,72 72 75,73 73 75 74 80,75 75 80 76 77 78 79 80 81
setup_map wastelands 4 14 38 39 46 47 57 77 79
settings starting_regions 2 6 10 15 16 22 29 32 36 40 45 48 50 54 62 64 69 74 76 78 81
settings starting_pick_amount 9
