settings timebank 10000
settings time_per_move 500
settings max_rounds 140
settings your_bot player1
settings opponent_bot player2
setup_map super_regions 1 4 2 6 3 7 4 3 5 3 6 4 7 2 8 5 9 5 10 2 11 2
setup_map regions 1 1 2 1 3 1 4 1 5 1 6 2 7 2 8 2 9 2 10 2 11 2 12 3 13 3 14 3 15 3 16 3 17 3 18 3 19 4 20 4 21 4 22 4 23 5 24 5 25 5 26 5 27 6 28 6 29 6 30 6 31 6 32 7 33 7 34 7 35 7 36 7 37 8 38 8 39 8 40 8 41 8 42 8 43 9 44 9 45 9 46 9 47 9 48 9 49 10 50 10 51 10 52 10 53 11 54 11 55 11 56 11
setup_map neighbors 1 2,4,5,3,6,7 2 4 4 7,12,13 5 6 6 7,12,14,11,9,8 7 12 8 9 9 11,14,10 10 20 11 14 12 15,14,13 13 17,15 14 16,15 15 16,17,18 16 43,21,18 17 44,18 18 44,43 19 37,20,21,32 20 21 21 38,22,37,43 22 40,38,43,45,41 23 24,25 24 29,31,26,25,27 25 26,53 26 53,31 27 29,30 28 30 29 49,31,30 30 49,32 31 55,53,54,49 32 37,39,33 33 34,35,39,50 34 35,36,39,40 36 40 37 39,38,40 38 40 39 40 40 41,42 41 45,42 42 48,45 43 44,45 44 46,45 45 46,47,48 46 47 47 48 49 54,51,50,52 50 51 51 52 52 56,54 53 55,54 54 56,55
setup_map wastelands 4 18 27 28 30
settings starting_regions 5 7 14 19 25 31 36 40 46 51 56
settings starting_pick_amount 4
