settings timebank 10000
settings time_per_move 500
settings max_rounds 155
settings your_bot player1
settings opponent_bot player2
setup_map super_regions 1 3 2 1 3 3 4 5 5 2 6 4 7 3 8 5 9 6 10 4 11 5 12 5 13 3
setup_map regions 1 1 2 1 3 1 4 1 5 1 6 2 7 2 8 2 9 3 10 3 11 3 12 3 13 3 14 4 15 4 16 4 17 4 18 4 19 5 20 5 21 5 22 5 23 6 24 6 25 6 26 6 27 7 28 7 29 7 30 8 31 8 32 8 33 8 34 8 35 8 36 8 37 9 38 9 39 9 40 9 41 9 42 9 43 9 44 10 45 10 46 10 47 10 48 10 49 10 50 11 51 11 52 11 53 11 54 11 55 12 56 12 57 12 58 12 59 12 60 13 61 13 62 13
setup_map neighbors 1 2,3 2 6,8,5,4,14,3 3 9,4 4 5,23 5 14,16,15,23 6 8,7 7 14,8 8 14 9 10 10 11,24,12 12 27,13,24 13 27,28,38 14 16,19 15 16 16 23,26,30,17,18,19 17 19,31,30 18 32,37,26,30 19 20,33,31,21 20 21 21 33,22 22 33 23 24,26 24 27,25,26 25 26,27 26 37,27 27 28,37,29 28 40,38,29 29 41,40,37 30 31,32 31 32,33 32 37,33,35,56,34 33 34 34 35 35 36 37 41,56 38 40,39,42 39 52,53 40 55,57,42,60,43,41 41 58,57,56 43 60,53 44 46,45,51 45 51,48,46 46 49,47,48 48 54,53,49,51 50 51 51 52,53 52 53 53 54 55 57 56 59,57,58 57 61,58,59,60 59 61 60 61,62 61 62
setup_map wastelands 8 14 19 43 50
settings starting_regions 2 6 9 17 22 25 29 34 41 48 54 58 62
settings starting_pick_amount 5
