settings timebank 10000
settings time_per_move 500
settings max_rounds 142
settings your_bot player2
settings opponent_bot player1
setup_map super_regions 1 3 2 3 3 4 4 1 5 3 6 4 7 1 8 6 9 3 10 3 11 3 12 1 13 3
setup_map regions 1 1 2 1 3 1 4 1 5 1 6 2 7 2 8 2 9 3 10 3 11 3 12 3 13 3 14 4 15 4 16 4 17 5 18 5 19 5 20 5 21 6 22 6 23 6 24 6 25 6 26 6 27 7 28 7 29 7 30 8 31 8 32 8 33 8 34 8 35 8 36 8 37 9 38 9 39 9 40 9 41 9 42 10 43 10 44 10 45 10 46 11 47 11 48 11 49 11 50 11 51 12 52 12 53 12 54 13 55 13 56 13 57 13
setup_map neighbors 1 2 2 21,22,3,4 3 4,17,20,19 4 22,20,5,47,46 5 22,54,47,55,23 6 8,30,7 8 31,30,10 9 37,10,12,11 10 39,31 11 38,12,28,27 12 38,37,13 13 40,41,38,37 14 15,18,16 15 18 16 18,29,27 17 19 18 43,19,42,29,46 19 20,46 20 46 21 22,23 22 23 23 55,24 24 25,26,55 25 26 26 56,55 27 28,29 28 38,29,51,52 29 42,51,52 30 32,31,33 31 39,37,34,33,36 32 33 33 36,35 34 37,41,36 35 36 37 39,41 38 52,40 40 52,41 42 52,44,43,49,46 44 49,48,45,52 45 48,50 46 47,49,48 47 54,57,50,48 48 50,49 50 57 51 52 52 53 54 55,56,57 55 56 56 57
setup_map wastelands 15 20 27 48 50
settings starting_regions 5 6 11 16 19 24 29 36 38 45 47 53 55
settings starting_pick_amount 6
