settings timebank 10000
settings time_per_move 500
settings max_rounds 127
settings your_bot player1
settings opponent_bot player2
setup_map super_regions 1 4 2 5 3 3 4 5 5 4 6 3 7 4 8 3 9 1 10 3
setup_map regions 1 1 2 1 3 1 4 1 5 1 6 1 7 2 8 2 9 2 10 2 11 2 12 2 13 3 14 3 15 3 16 3 17 4 18 4 19 4 20 4 21 4 22 4 23 4 24 5 25 5 26 5 27 5 28 5 29 5 30 5 31 6 32 6 33 6 34 6 35 7 36 7 37 7 38 7 39 8 40 8 41 8 42 8 43 8 44 9 45 9 46 9 47 9 48 10 49 10 50 10 51 10
setup_map neighbors 1 5 2 3,5,6 3 6,31,4,7 4 7 5 6,24 6 31,33,35 7 8,9,31,12 8 13,16,10,9 9 10,11,12 10 16,21,11 11 21,12,46 12 32,31,34 13 16,14 14 19,15,16,17,21 15 17 16 21 17 20,22,19 18 20 19 21,23,22 20 22 21 23,46 24 25 25 35,26 26 29,27,35 27 28 28 29,37,30,36 29 36,35 30 37 31 32,33 32 34,33 33 35 35 39,40,36 36 40,42,37 37 42,38 38 42,43 39 41,40 40 42,41 41 42 42 43 44 45,48 45 46,48 46 49,47,50,48 48 49 49 51,50
setup_map wastelands 9 35 39 41 42
settings starting_regions 2 10 14 19 26 31 37 40 45 51
settings starting_pick_amount 5
