settings timebank 10000
settings time_per_move 500
settings max_rounds 195
settings your_bot player1
settings opponent_bot player2
setup_map super_regions 1 5 2 2 3 1 4 2 5 0 6 4 7 1 8 2 9 3 10 5 11 4 12 0 13 3 14 5 15 2 16 0 17 6 18 3 19 2 20 5
setup_map regions 1 1 2 1 3 1 4 1 5 1 6 1 7 2 8 2 9 2 10 3 11 3 12 4 13 4 14 4 15 5 16 5 17 6 18 6 19 6 20 6 21 7 22 7 23 8 24 8 25 8 26 8 27 9 28 9 29 9 30 9 31 10 32 10 33 10 34 10 35 10 36 10 37 11 38 11 39 11 40 11 41 12 42 12 43 13 44 13 45 13 46 13 47 13 48 14 49 14 50 14 51 14 52 14 53 14 54 15 55 15 56 15 57 15 58 16 59 16 60 17 61 17 62 17 63 17 64 17 65 17 66 17 67 18 68 18 69 18 70 18 71 19 72 19 73 19 74 20 75 20 76 20 77 20 78 20
setup_map neighbors 1 2,15 2 23,15,5,6,27,3,4 3 4 4 6,5,7 6 17,7,8,27 7 8 8 11,9,17,10 9 11,31,18,21,17 10 12,21,11 11 21 12 21,13,14 13 14 14 38,43,21,22,37,32,44 15 23,16 16 23,24 17 27,18,19 18 31,20,19 19 29,27,20,33 20 33,31 21 22,41,31,32 22 32 23 28,24,27,25 24 25,26,48 25 26,29,54,28,55 26 50,71,55,48,72,52 27 28,29 28 29 29 30,55,54,33 30 33,56,55 31 35,33,41,42,34 32 44,42,41,34,45,36 33 35,56 34 42,36,60,35 35 61,60,56,75 36 45,60 37 38 38 39,46,43,40 39 40,58 40 67,58,46,47 41 42 43 44,46 44 45,46 45 46,47,62,63,60 46 47 47 68,69,67,63 48 50,49 49 50 50 52,53,51 51 53 52 72,53 54 55 55 56,74,71,57 56 75,74 57 76,73,71,77,74,75 58 67,59,69 59 69 60 61,62,63 61 75,63,76,64 62 63 63 64,65,66,69 64 65,78,76 65 78 66 69,70 67 69 68 69 69 70 71 72,73 72 73 73 77 74 75 75 76 76 78,77
setup_map wastelands 13 16 17 18 35 37 43 55 57 65
settings starting_regions 1 8 10 14 15 20 22 23 28 32 40 41 47 48 54 58 60 67 72 75
settings starting_pick_amount 8
