settings timebank 10000
settings time_per_move 500
settings max_rounds 107
settings your_bot player1
settings opponent_bot player2
setup_map super_regions 1 2 2 5 3 3 4 2 5 3 6 2 7 5 8 5 9 3 10 3
setup_map regions 1 1 2 1 3 1 4 1 5 2 6 2 7 2 8 2 9 2 10 3 11 3 12 3 13 3 14 3 15 4 16 4 17 4 18 4 19 5 20 5 21 5 22 5 23 6 24 6 25 6 26 6 27 7 28 7 29 7 30 7 31 7 32 8 33 8 34 8 35 8 36 8 37 9 38 9 39 9 40 9 41 10 42 10 43 10
setup_map neighbors 1 2,11 2 3,5,15,11 3 4,16,9,5,15 4 33,16,27,9,32 5 6,8,9 6 7,8 7 19,8,9,27 8 9 9 27 10 11 11 17,13,16,15 12 14,13 13 17,18,14 14 18 15 16 16 32,34,17 17 34,37,18 18 37 19 21,27,24,20 20 23,24 21 27,24,30,22,29,26 22 26,29 23 25,24,26 24 26 25 26 27 30,28,33,36 28 33,35,36 29 30,31 30 31,36 32 33,34 33 35,34 34 41,42,37,35 35 36,43,41,42 37 41,39,40,38 39 40 40 41 41 42,43
setup_map wastelands 1 11 24 30 31
settings starting_regions 3 9 13 18 22 23 28 35 39 42
settings starting_pick_amount 4
