settings timebank 10000
settings time_per_move 500
settings max_rounds 100
settings your_bot player2
settings opponent_bot player1
setup_map super_regions 1 1 2 3 3 4 4 1 5 3 6 4 7 4 8 3 9 2 10 4
setup_map regions 1 1 2 1 3 1 4 2 5 2 6 2 7 2 8 2 9 3 10 3 11 3 12 3 13 3 14 4 15 4 16 4 17 5 18 5 19 5 20 6 21 6 22 6 23 6 24 7 25 7 26 7 27 7 28 7 29 8 30 8 31 8 32 8 33 8 34 9 35 9 36 9 37 10 38 10 39 10 40 10
setup_map neighbors 1 3,15,9,14,10,2 2 5,14,4 3 15,10 4 5,6 5 6,14 6 7,8,25,14,16 7 8 8 25 9 10,11 10 13,11,12,15 11 13,23 12 15,16,24,13 13 27,26,24,23 14 15,16 15 16 16 24,25 17 20,19,18 18 30,19 19 20,29,30 20 21,22,29 21 23,22 22 34,29,23 23 34 24 28,27,26,25 25 28 26 27 27 28 29 34,31,30 30 31,32 31 33,37,32,39,38,34 32 38 33 34,35,39 34 35 35 36,39 36 39 37 38,40,39 39 40
setup_map wastelands 6 19 23 35 38
settings starting_regions 2 4 11 16 18 21 28 30 34 39
settings starting_pick_amount 5
