settings timebank 10000
settings time_per_move 500
settings max_rounds 117
settings your_bot player2
settings opponent_bot player1
setup_map super_regions 1 3 2 2 3 2 4 3 5 4 6 2 7 4 8 1 9 6 10 2 11 3
setup_map regions 1 1 2 1 3 1 4 1 5 2 6 2 7 2 8 2 9 3 10 3 11 3 12 4 13 4 14 4 15 4 16 4 17 4 18 5 19 5 20 5 21 5 22 6 23 6 24 6 25 6 26 7 27 7 28 7 29 7 30 7 31 8 32 8 33 8 34 9 35 9 36 9 37 9 38 9 39 9 40 10 41 10 42 10 43 10 44 11 45 11 46 11 47 11
setup_map neighbors 1 2,3,5 2 5,6,3,7,22 3 22,4 4 31,22,25 5 6 6 7 7 8,22 8 23,22 9 11,18,10 10 18,12 11 26,18,21 12 14,19,13,18,15,17 13 15 14 19,18 15 16,17 16 17 17 19,20 18 20,19,21 19 20 20 21 21 26 22 24,25,23,27 23 27,26 24 25,27,34 25 32,31,34 26 28,27,29 27 34,28 28 34,29,30 29 30 30 40,34,35 31 33,36,32 32 36,34 33 36 34 35,36 35 40,41,36,42 36 37,41,38 37 38 38 41,39 39 45,41 40 42,44,43 41 42,43,45 42 43 43 44,47,45 44 47,46 45 47 46 47
setup_map wastelands 18 19 30 39
settings starting_regions 3 5 10 16 20 25 29 32 38 42 44
settings starting_pick_amount 5
