settings timebank 10000
settings time_per_move 500
settings max_rounds 137
settings your_bot player1
settings opponent_bot player2
setup_map super_regions 1 2 2 4 3 5 4 5 5 4 6 4 7 4 8 5 9 4 10 5 11 2
setup_map regions 1 1 2 1 3 1 4 1 5 2 6 2 7 2 8 2 9 2 10 2 11 3 12 3 13 3 14 3 15 3 16 3 17 4 18 4 19 4 20 4 21 4 22 4 23 5 24 5 25 5 26 5 27 5 28 6 29 6 30 6 31 6 32 7 33 7 34 7 35 7 36 8 37 8 38 8 39 8 40 8 41 8 42 9 43 9 44 9 45 9 46 9 47 9 48 10 49 10 50 10 51 10 52 10 53 11 54 11 55 11
setup_map neighbors 1 24,23,2 2 23,3 3 6,4,23,5 4 6,8,27,10,25,23 5 6 6 8,7 7 9,8 8 9,10 9 14 10 27 11 12,15,14 12 13,15,17 13 17,28,14,15,29 14 28,15,16 16 28,30,37 17 19,18,29 18 20,21,19 19 21,29 20 21 21 22,29 22 29 23 24,25 24 32,26,25,27 25 27 26 27,34 27 34 28 30,29,31 29 31 32 33 33 34 34 35 35 43 36 48,39,37,42,49 37 38,39 38 41,39,40,55 39 41,49 41 54,49,53,55 42 45,49,48,44,43 43 44 44 45,46 45 46,51,49,50,47 46 47 47 50,52,51 48 49 49 50,53 50 52,53,51 53 54 54 55
setup_map wastelands 3 25 31 49 52
settings starting_regions 2 7 15 18 27 29 34 39 47 50 55
settings starting_pick_amount 3
