settings timebank 10000
settings time_per_move 500
settings max_rounds 180
settings your_bot player2
settings opponent_bot player1
setup_map super_regions 1 5 2 3 3 6 4 5 5 2 6 6 7 1 8 2 9 1 10 6 11 2 12 5 13 4 14 3 15 2 16 1
setup_map regions 1 1 2 1 3 1 4 1 5 1 6 2 7 2 8 2 9 2 10 2 11 3 12 3 13 3 14 3 15 3 16 3 17 4 18 4 19 4 20 4 21 4 22 4 23 4 24 5 25 5 26 5 27 5 28 6 29 6 30 6 31 6 32 6 33 6 34 7 35 7 36 7 37 8 38 8 39 8 40 9 41 9 42 9 43 10 44 10 45 10 46 10 47 10 48 10 49 10 50 11 51 11 52 11 53 11 54 12 55 12 56 12 57 12 58 12 59 12 60 13 61 13 62 13 63 13 64 14 65 14 66 14 67 15 68 15 69 15 70 16 71 16 72 16
setup_map neighbors 1 5,4,2 2 5 3 4 4 18,5,6,7,17 5 6,7,8 6 7 7 20,8,18,9 8 9 9 40,41,42,10,20,34 10 20,41,23,40 11 13,14,12 12 24,13 13 14,24,15,16,37 15 39,26,37,16,24,31,27 16 37 17 19,18 18 19,22,20 19 21,22,23 20 22,23 21 23 22 23 23 40 24 26,25,27 25 27,28,30 27 30,31 28 30,29 29 30 30 31,32,44 31 32,33,38,39,56 32 33,67 33 56 34 36,35,42 35 51,36,52,50,42 36 52 37 38,54,39 38 55,54,39 40 50,60,47,41,42 42 50 43 45,64,49,44,46 44 46 45 47,48,49 46 64,65 47 48,60 48 70,60,71,49 49 70,66,64 50 60,51,53 51 61,63,52,53 53 61,60 54 55,57,58,59,56 55 56 56 59,68,67 57 58 58 59 59 68 60 61,62,71 61 63,62 62 72,71 64 66,65 65 66 66 70 67 68,69 68 69 70 72,71 71 72
setup_map wastelands 6 15 19 25 36 51 62 70
settings starting_regions 4 7 12 21 26 33 35 37 41 46 53 55 60 65 68 71
settings starting_pick_amount 8
