settings timebank 10000
settings time_per_move 500
settings max_rounds 205
settings your_bot player1
settings opponent_bot player2
setup_map super_regions 1 0 2 4 3 4 4 3 5 3 6 2 7 3 8 2 9 2 10 2 11 6 12 4 13 7 14 1 15 4 16 4 17 2 18 1 19 1 20 5 21 4
setup_map regions 1 1 2 1 3 2 4 2 5 2 6 2 7 2 8 3 9 3 10 3 11 3 12 4 13 4 14 4 15 5 16 5 17 5 18 6 19 6 20 6 21 7 22 7 23 7 24 7 25 7 26 8 27 8 28 8 29 8 30 9 31 9 32 9 33 10 34 10 35 10 36 11 37 11 38 11 39 11 40 11 41 11 42 12 43 12 44 12 45 12 46 13 47 13 48 13 49 13 50 13 51 13 52 13 53 14 54 14 55 15 56 15 57 15 58 15 59 16 60 16 61 16 62 16 63 17 64 17 65 17 66 17 67 18 68 18 69 18 70 19 71 19 72 19 73 20 74 20 75 20 76 20 77 20 78 21 79 21 80 21 81 21 82 21
setup_map neighbors 1 18,21,2 2 21,22,18,19 3 6,4 4 7,5,6 5 8,33,7,6 6 34,33,23,21,7 8 10,33,36,9 9 10,12,14,13,11 10 36,38,11 11 14,27,28,38 12 13 13 14,16,26 14 27,26 15 17,30,16,31 16 26,17 17 26,42,30 18 19 19 24,20,22 20 24,25 21 23,22 22 24,23 23 34,24,25 24 25 25 53,55,34,57 26 27,42 27 28,29,43,42,44 28 29,47,43,46,38 29 43 30 31,42,32 33 34,37,35,36 34 35,55,39 35 39,37 36 37,38,40 37 40,39 38 40,46 39 56,41,55,40 40 41,67,46,48 41 56,68,67 42 45,44,59,43 43 44,63,47,59,64 46 47,48 47 48,63,49 48 49,67,50,51,52 49 63,64,51 50 51,52,79,80,78 51 64,79 52 78,67 53 54,57 54 57 55 56,58,57 56 68,73,58 57 58,70,71 58 73,70 59 60,61,64 60 61 61 64,62,65 62 66,65 63 64 64 65,81,79 65 66,81 67 68,69,78 68 69,74,73 69 78,76,74,77 70 73,72,75,71 72 75 73 75,74 74 75,77 75 77 76 78,82,77 78 82,80 79 81,80 80 81
setup_map wastelands 29 36 45 46 48 55 63 68 72
settings starting_regions 2 7 10 14 17 19 23 28 30 34 40 44 50 53 56 61 64 67 71 77 79
settings starting_pick_amount 8
