settings timebank 10000
settings time_per_move 500
settings max_rounds 147
settings your_bot player1
settings opponent_bot player2
setup_map super_regions 1 4 2 3 3 3 4 6 5 6 6 3 7 3 8 2 9 4 10 5 11 2 12 5
setup_map regions 1 1 2 1 3 1 4 1 5 1 6 2 7 2 8 2 9 2 10 3 11 3 12 3 13 3 14 3 15 4 16 4 17 4 18 4 19 4 20 4 21 4 22 5 23 5 24 5 25 5 26 5 27 5 28 6 29 6 30 6 31 6 32 7 33 7 34 7 35 8 36 8 37 8 38 9 39 9 40 9 41 9 42 10 43 10 44 10 45 10 46 10 47 10 48 10 49 11 50 11 51 11 52 11 53 12 54 12 55 12 56 12 57 12 58 12 59 12
setup_map neighbors 1 2,5,3,4 2 6,5,8 3 4 4 5,32 5 8,32,33 6 7,9,8 7 15,9,19 8 9,33,34 9 19,34 10 17,12,11 11 13,12,14,28 12 28,17 13 14,28 14 29,28,30 15 19,16,18 16 18,17 17 20,24,22,28,18 18 22,23,35,21,19 19 36,21,34 20 28,24 21 35,36 22 23,25,24 23 25,35 24 38,28,40 25 27,40,26,35 26 27,35 27 37,35 28 29,39,38 29 30,39 30 41,31,39 32 33 33 34 34 49 35 36,37 36 37 38 39,41,40 39 41 42 43 43 49,45,44 44 47,46,45 45 49,50,46 46 50,52,53,47 47 53,48 48 53 49 50,51 50 54,52,51 51 54,55 52 54,56,53 53 56,57,58 54 56,55 55 56,59 56 57,59 57 58
setup_map wastelands 12 20 23 27 30 56
settings starting_regions 2 9 10 17 26 31 32 35 41 47 52 58
settings starting_pick_amount 6
