settings timebank 10000
settings time_per_move 500
settings max_rounds 142
settings your_bot player1
settings opponent_bot player2
setup_map super_regions 1 3 2 4 3 2 4 4 5 4 6 4 7 4 8 5 9 4 10 3 11 5
setup_map regions 1 1 2 1 3 1 4 1 5 2 6 2 7 2 8 2 9 2 10 2 11 3 12 3 13 3 14 3 15 4 16 4 17 4 18 4 19 4 20 4 21 4 22 5 23 5 24 5 25 5 26 5 27 5 28 5 29 6 30 6 31 6 32 6 33 6 34 7 35 7 36 7 37 7 38 7 39 8 40 8 41 8 42 8 43 8 44 8 45 9 46 9 47 9 48 9 49 10 50 10 51 10 52 10 53 11 54 11 55 11 56 11 57 11
setup_map neighbors 1 3,2 2 3,11,5 3 4,11,12 4 12 5 6,7,11 6 7 7 8,10,9,11 9 10,11,13 11 12,13 12 13,14 14 29,34,30 15 17,16,18 16 20,17 17 39,20,18 18 39,41,21 19 20 20 39,45,40 21 42,41 22 23,24,26,27 23 31,27 24 26 25 26,28 26 27,50,28 27 49,31,32,50 29 30,31 30 36,31,34 31 32,37,33,36 32 33,53,51,49 33 37,38,53,54,55 34 35,36 35 36,38,46 36 38,37 37 38 38 46,55 39 41,42,40 40 42,43,45,47 41 42 42 44,43 43 47,44 45 46,47 46 47,55,48 47 48 48 57,54,55 49 52,51,50 50 52 51 52,53 52 56,53 53 54,56 54 57,55,56
setup_map wastelands 7 24 30 31 53
settings starting_regions 2 9 11 16 23 33 35 40 45 52 54
settings starting_pick_amount 5
