settings timebank 10000
settings time_per_move 500
settings max_rounds 150
settings your_bot player1
settings opponent_bot player2
setup_map super_regions 1 3 2 5 3 4 4 4 5 3 6 4 7 5 8 2 9 4 10 5 11 2
setup_map regions 1 1 2 1 3 1 4 2 5 2 6 2 7 2 8 2 9 2 10 3 11 3 12 3 13 3 14 3 15 3 16 4 17 4 18 4 19 4 20 4 21 5 22 5 23 5 24 5 25 5 26 6 27 6 28 6 29 6 30 6 31 6 32 6 33 7 34 7 35 7 36 7 37 7 38 7 39 8 40 8 41 8 42 8 43 9 44 9 45 9 46 9 47 9 48 9 49 9 50 10 51 10 52 10 53 10 54 10 55 10 56 11 57 11 58 11 59 11 60 11
setup_map neighbors 1 2,3 2 3,21,4 3 12,14,10,22,21 4 5,21 5 6,7,8,21 6 7 7 8,9,43,44,40,39 8 21,9 9 21,39 10 12,11,14 11 18,14,16,13 12 14 13 16,18,17 14 15,18,26,22 15 26,24,22 16 17 17 19,18,20,28 18 26,19,28,27 20 28,51 21 23,39,22 22 23,24 23 24,25,39 24 29,26,25 25 41,39 26 27,30,28,29 28 31,30 29 32,30 30 31 31 52 33 35 34 35,36,50 35 36,37,57,56 36 37,51,50 37 58,55,53,51,57,38,59 38 59,55,58 39 41,40 40 44,41,42 41 42 42 44,46,47 43 44,45 44 46,45 45 46 46 48,47 47 48,49 50 51 51 52,54,53 52 54 53 55,54 54 55 56 57,59 57 59 58 59 59 60
setup_map wastelands 3 23 38 48 55
settings starting_regions 1 9 15 17 25 29 36 39 47 54 58
settings starting_pick_amount 5
