settings timebank 10000
settings time_per_move 500
settings max_rounds 185
settings your_bot player2
settings opponent_bot player1
setup_map super_regions 1 4 2 3 3 4 4 5 5 3 6 6 7 2 8 1 9 4 10 5 11 3 12 6 13 3 14 3 15 2 16 2
setup_map regions 1 1 2 1 3 1 4 1 5 1 6 1 7 2 8 2 9 2 10 2 11 2 12 3 13 3 14 3 15 3 16 4 17 4 18 4 19 4 20 4 21 4 22 5 23 5 24 5 25 5 26 6 27 6 28 6 29 6 30 6 31 6 32 7 33 7 34 7 35 7 36 8 37 8 38 8 39 9 40 9 41 9 42 9 43 9 44 9 45 10 46 10 47 10 48 10 49 10 50 10 51 10 52 11 53 11 54 11 55 11 56 12 57 12 58 12 59 12 60 12 61 12 62 13 63 13 64 13 65 14 66 14 67 14 68 15 69 15 70 15 71 16 72 16 73 16 74 16
setup_map neighbors 1 2,16,5,17 2 3,17 3 6,18,4,17 5 19,16 6 32,18,20 7 11,8,12 8 12 9 10 10 11,26,27 11 13,12,27 12 13,14 13 14,15,27 14 28,15 15 28,27,30 16 17,20,19 17 20,18 18 20 20 21,32 21 33 22 36,23,25,24 23 24,52,53 24 53,25,54 25 36,54 26 27,29 27 29,30 28 30,31 29 30,37 30 31 32 33,39 33 41,39,34 34 47,41,35 35 43,63,62,47,41 36 37,54 37 38,54 38 54,57 39 41,40 40 42,41,52 41 42,43,44 42 52,53,55,56,44,59 43 44,63 44 71,59 45 48,49,46 46 47,49,50,48 47 62,51,50 48 51,68,50,49,69 50 51 51 62,70,69 52 53 53 58,54,55,57 54 57 55 58,56 56 58,59 57 60,58 58 65,60,72,71,59 59 71 60 61,66,67,65 62 70,63,64 63 64 64 70 65 72,74,67 66 67 68 70,69 69 70 71 73,72,74 72 74
setup_map wastelands 2 18 31 33 35 36 39 71
settings starting_regions 1 8 12 21 24 29 34 37 41 51 55 58 63 66 69 74
settings starting_pick_amount 8
