settings timebank 10000
settings time_per_move 500
settings max_rounds 157
settings your_bot player1
settings opponent_bot player2
setup_map super_regions 1 2 2 5 3 5 4 4 5 3 6 3 7 4 8 5 9 4 10 5 11 5 12 4 13 3
setup_map regions 1 1 2 1 3 1 4 2 5 2 6 2 7 2 8 2 9 2 10 2 11 3 12 3 13 3 14 3 15 3 16 3 17 4 18 4 19 4 20 4 21 5 22 5 23 5 24 6 25 6 26 6 27 7 28 7 29 7 30 7 31 7 32 7 33 8 34 8 35 8 36 8 37 8 38 9 39 9 40 9 41 9 42 10 43 10 44 10 45 10 46 10 47 10 48 11 49 11 50 11 51 11 52 11 53 12 54 12 55 12 56 12 57 12 58 12 59 13 60 13 61 13 62 13 63 13
setup_map neighbors 1 7,4,2 2 7,3 3 7,10,22 4 5,7 5 8,7,6 6 9,8,11 7 8,10 8 10,9 9 14,10,17,11 11 12,14 12 15,16,14,13,17 13 15 14 17 15 17,18 16 17 17 18,19 18 20 21 22 22 25,48,23 23 49,26,48,25,24 24 25,26 26 43,42,49,52,27 27 42,29 28 29,34,30,45,31,32,33,36 29 42,44,30 30 45,44 31 32,47,45 32 36 33 34,38 34 38,36 35 41,40,37,36 36 41,37,38 38 39,41 39 41 40 41 42 43,44,46 43 46,52 44 45,46 45 47,46 46 52 48 50,51 49 52,50 50 59,51,61,60,52,62 51 59,55,53 52 62 53 55,54 54 55 55 57,59,56 56 59,57,63 57 58 59 60,63,61,62 62 63
setup_map wastelands 1 8 9 31 42 44
settings starting_regions 3 5 11 17 22 25 30 34 41 47 48 57 59
settings starting_pick_amount 5
