settings timebank 10000
settings time_per_move 500
settings max_rounds 180
settings your_bot player1
settings opponent_bot player2
setup_map super_regions 1 5 2 6 3 2 4 2 5 5 6 2 7 4 8 3 9 3 10 3 11 3 12 1 13 1 14 5 15 2 16 3 17 1 18 1
setup_map regions 1 1 2 1 3 1 4 1 5 1 6 2 7 2 8 2 9 2 10 2 11 2 12 3 13 3 14 3 15 3 16 4 17 4 18 4 19 5 20 5 21 5 22 5 23 5 24 6 25 6 26 6 27 6 28 7 29 7 30 7 31 7 32 8 33 8 34 8 35 8 36 8 37 9 38 9 39 9 40 9 41 10 42 10 43 10 44 10 45 11 46 11 47 11 48 11 49 12 50 12 51 13 52 13 53 14 54 14 55 14 56 14 57 14 58 14 59 14 60 15 61 15 62 15 63 16 64 16 65 16 66 16 67 16 68 17 69 17 70 18 71 18 72 18
setup_map neighbors 1 3,6,10,2,4,5 2 6 3 10,5 4 5,33,32 5 34,21,10,33,45,46 6 9,10,7 7 8,20,9 8 11,20,14,12 9 19,10,20 10 19,21 11 14,24,20 12 13,14 13 16,17,14,28 14 15,24,28 15 29,24,28 16 18,17 17 18,28 18 28,37,38,29 19 20,22,21 20 24,22 21 46,22,23,27,63,47 22 26,23,25,24,27 23 27 24 29,25 25 26,29,30 26 27,30 27 54,64,30,55,63 28 29 29 31,30,39,38 30 31,55 31 53,39,38,61,55,60,40 32 33,41 33 51,42,34,41,45,35 34 45 35 45,51,52,36 36 52,45,71,70 37 38 38 49,40,39 40 60,49,50 41 42,43 42 51,52,44,43 44 52 45 46,47,48,71 46 47 47 63,48 48 63,65,71,66 49 50 51 52 52 70 53 61,56,55 54 64,55,57,56 55 56 56 57,61 57 64,59,58,61 58 61,62,68,69,59 59 64,67 60 68,61,62 61 62 62 68 63 64,66,65 64 67,66 65 66 66 71,67 68 69 70 72,71 71 72
setup_map wastelands 13 15 23 32 33 52 65 67
settings starting_regions 3 6 12 16 20 24 28 36 38 44 45 49 51 57 62 63 69 72
settings starting_pick_amount 8
