settings timebank 10000
settings time_per_move 500
settings max_rounds 195
settings your_bot player1
settings opponent_bot player2
setup_map super_regions 1 6 2 6 3 0 4 6 5 1 6 6 7 7 8 1 9 6 10 5 11 0 12 4 13 1 14 5 15 2 16 4 17 0
setup_map regions 1 1 2 1 3 1 4 1 5 1 6 1 7 2 8 2 9 2 10 2 11 2 12 2 13 2 14 3 15 3 16 4 17 4 18 4 19 4 20 4 21 4 22 4 23 5 24 5 25 6 26 6 27 6 28 6 29 6 30 6 31 7 32 7 33 7 34 7 35 7 36 7 37 7 38 8 39 8 40 9 41 9 42 9 43 9 44 9 45 9 46 10 47 10 48 10 49 10 50 10 51 10 52 10 53 11 54 11 55 12 56 12 57 12 58 12 59 12 60 12 61 13 62 13 63 14 64 14 65 14 66 14 67 14 68 15 69 15 70 15 71 15 72 16 73 16 74 16 75 16 76 16 77 17 78 17
setup_map neighbors 1 3,2,4,32,7 2 38,4,39,7,5,34,32,11 3 32 4 32 5 34,43,6,33,39,40 6 33,36,43,61,62 7 9,11,8 8 9,14,10,12 9 11,12,38 10 20,15,12,13,14 11 38 12 13,38 13 38,41,40,42,20 14 15 15 16,18,20 16 18,17,19 17 19 18 21,22,20,19 19 23,21,24,27 20 42,22,46,23 21 22,23 22 23 23 47,48,46,24,27 24 27 25 26,27 26 27,29,30,28 27 28,30,55,47 28 30 29 30 30 56,55 31 32,33,35 32 33,34 33 35,36,34 36 62,37,69 37 69 38 40,39 39 40 40 44,41,43,45,61 41 53,54,44,42 42 46,49,53 43 61 44 54,45 45 61,54,68,69 46 50,51,48,49 47 48,55,57,52,51,63,66 48 51 49 50,53 50 63,53,64,51 51 63 52 66,57,72,73 53 54,64 54 64,68 55 57,56 56 58,57 57 59,72,58 58 59 59 60,72 60 72 61 62,69 62 69 63 66,65,64 64 65,68,67,77 65 66,67 66 73,74,67,75 67 78,77,74 68 77,69,70 69 70 70 77,71 71 78,77 72 73,75 73 75 74 75,76,78 76 78 77 78
setup_map wastelands 29 36 44 48 60 65 70 71
settings starting_regions 1 7 14 16 23 25 33 38 40 47 54 59 61 63 68 72 78
settings starting_pick_amount 6
