settings timebank 10000
settings time_per_move 500
settings max_rounds 107
settings your_bot player1
settings opponent_bot player2
setup_map super_regions 1 3 2 3 3 2 4 3 5 6 6 3 7 4 8 3 9 4
setup_map regions 1 1 2 1 3 1 4 1 5 1 6 2 7 2 8 2 9 2 10 2 11 3 12 3 13 3 14 3 15 4 16 4 17 4 18 4 19 4 20 5 21 5 22 5 23 5 24 5 25 5 26 6 27 6 28 6 29 6 30 6 31 7 32 7 33 7 34 7 35 7 36 8 37 8 38 8 39 8 40 9 41 9 42 9 43 9
setup_map neighbors 1 2 2 3,12,11 3 4,7,5,12,20 4 9,20,21,23,7 5 12,20 6 7,8,9 7 9 8 9,10 9 10,16,21,24 10 15,16 11 12,13,14 12 20,22,26,14 14 27,26 15 17,16 16 19,24,31,18,17,32 17 18 18 19 19 31,35,34 20 23,22 21 24,23 22 23,26 23 33,24,32,25,26,40 24 32 25 40,36,26,37 26 29,28,27,36 27 28 28 36,30,29 29 36 31 34,32 32 34,40,33 33 40 34 40,35 36 37,38 37 40,41,38,39 39 41 40 42,43,41 41 43 42 43
setup_map wastelands 2 7 14 23
settings starting_regions 4 6 11 16 24 26 33 38 42
settings starting_pick_amount 4
