settings timebank 10000
settings time_per_move 500
settings max_rounds 117
settings your_bot player2
settings opponent_bot player1
setup_map super_regions 1 1 2 4 3 3 4 5 5 4 6 2 7 4 8 3 9 1 10 3 11 2
setup_map regions 1 1 2 1 3 1 4 2 5 2 6 2 7 2 8 2 9 2 10 3 11 3 12 3 13 3 14 4 15 4 16 4 17 4 18 4 19 4 20 5 21 5 22 5 23 5 24 5 25 6 26 6 27 6 28 7 29 7 30 7 31 7 32 7 33 8 34 8 35 8 36 9 37 9 38 9 39 10 40 10 41 10 42 10 43 10 44 11 45 11 46 11 47 11
setup_map neighbors 1 2 2 3,17 3 15,17 4 7,5,6,9 5 7,10,11 6 9,8 7 25,11,26,9 8 20,21,9 9 20,25 10 11,12 11 12,13,27,26 12 13 13 27 14 15 15 18,28,16,17,29,19 16 33,18 17 29,31,19,32 18 30,28 19 29 20 22 21 22,23,33,24 22 36,38,24,40 23 33,24,39 24 39,40 25 37,36,27,26 26 27 27 37 28 29,31,30 29 31 30 35,44,31 31 32 33 35,34,39 34 35 35 41,39,44 36 37,38 38 40,43 39 42,40,41 40 42,43 41 42,44 42 46,44 44 46,45 45 47,46 46 47
setup_map wastelands 5 9 17 18 37
settings starting_regions 1 7 12 15 20 27 32 35 38 43 44
settings starting_pick_amount 5
