settings timebank 10000
settings time_per_move 500
settings max_rounds 130
settings your_bot player2
settings opponent_bot player1
setup_map super_regions 1 3 2 4 3 5 4 4 5 5 6 2 7 6 8 5 9 1 10 4 11 1
setup_map regions 1 1 2 1 3 1 4 1 5 2 6 2 7 2 8 2 9 3 10 3 11 3 12 3 13 3 14 3 15 3 16 4 17 4 18 4 19 4 20 5 21 5 22 5 23 5 24 5 25 6 26 6 27 6 28 7 29 7 30 7 31 7 32 7 33 7 34 8 35 8 36 8 37 8 38 8 39 8 40 9 41 9 42 9 43 10 44 10 45 10 46 10 47 10 48 10 49 10 50 11 51 11 52 11
setup_map neighbors 1 2,5,8 2 8,3,4 3 4,31,8,6,30,28 5 6,8 6 7,28,8 7 9,28 9 10,11,16,29,28 10 13,12,11,29 11 12,16 12 16,18,14,13 13 40,14,33,32,29 14 15,18,40 16 17,18,19 17 21,19,20 18 19 19 21,22 20 21,26,27 21 23,22,27,24 22 23 24 38,37,27 25 26 26 34,27 27 35,37,34 28 29,30 29 30,32,31 30 31 31 32 32 33,40,41 33 40 34 36,35 35 36,37 36 37,39 37 38,39 38 39 39 46 40 41,42 43 44,45,48,47,46 44 47,48 45 48 46 47 47 49,50,48 48 50,51 50 52,51 51 52
setup_map wastelands 11 20 33 52
settings starting_regions 3 5 10 19 22 27 32 38 40 43 50
settings starting_pick_amount 3
