settings timebank 10000
settings time_per_move 500
settings max_rounds 170
settings your_bot player2
settings opponent_bot player1
setup_map super_regions 1 5 2 1 3 2 4 6 5 4 6 5 7 3 8 2 9 1 10 2 11 4 12 4 13 6 14 6
setup_map regions 1 1 2 1 3 1 4 1 5 1 6 1 7 1 8 2 9 2 10 2 11 2 12 3 13 3 14 3 15 3 16 4 17 4 18 4 19 4 20 4 21 4 22 5 23 5 24 5 25 5 26 6 27 6 28 6 29 6 30 6 31 6 32 7 33 7 34 7 35 7 36 7 37 8 38 8 39 8 40 9 41 9 42 9 43 10 44 10 45 10 46 11 47 11 48 11 49 11 50 11 51 12 52 12 53 12 54 12 55 12 56 13 57 13 58 13 59 13 60 13 61 13 62 13 63 14 64 14 65 14 66 14 67 14 68 14
setup_map neighbors 1 2,4,12,13 2 3,5,4 3 5,8,9 4 7,5,6,14,13,24,25 5 22,9,24,16,23 6 25,15,7,14,13 7 25 8 9 9 16,10 10 11,16 11 16 12 13 13 14,37,15,38 15 39,38,41,25 16 17,23,18 17 18 18 23,20,19 19 21,42,20 20 21 21 56,47,42 22 23 23 40,24,25 24 25 25 41,40 26 30,32,29,28,27 27 28 28 31,29,34 29 30,34 30 33,34,32 31 34,63 32 33,37 33 38,37,43,36,35,34,39,48 34 44,45,35,63,64 35 43,44 36 39,38 37 38 38 39 39 46,48,41 40 41 41 46,42,47 42 47 43 48,49,44 44 49,66,64,45,50 45 64 46 47,51,48 47 57,56,59,51 48 51,53,49 49 53,50 50 53,66 51 52,53,59,54 52 59,54 53 55,66,54 54 59,60 55 66 56 57,61,58 57 59,62,60,61 58 61 59 60 60 62 61 62 63 64,65 64 65,67,68,66 65 67 66 68 67 68
setup_map wastelands 1 8 11 26 31 52 68
settings starting_regions 4 10 15 21 25 28 35 39 41 43 48 51 62 64
settings starting_pick_amount 6
