settings timebank 10000
settings time_per_move 500
settings max_rounds 157
settings your_bot player1
settings opponent_bot player2
setup_map super_regions 1 2 2 5 3 3 4 4 5 4 6 5 7 3 8 1 9 4 10 3 11 3 12 2 13 5 14 2
setup_map regions 1 1 2 1 3 1 4 2 5 2 6 2 7 2 8 2 9 2 10 2 11 3 12 3 13 3 14 3 15 4 16 4 17 4 18 4 19 5 20 5 21 5 22 5 23 5 24 5 25 6 26 6 27 6 28 6 29 6 30 7 31 7 32 7 33 7 34 8 35 8 36 8 37 9 38 9 39 9 40 9 41 9 42 10 43 10 44 10 45 10 46 11 47 11 48 11 49 11 50 11 51 11 52 12 53 12 54 12 55 13 56 13 57 13 58 13 59 13 60 13 61 14 62 14 63 14
setup_map neighbors 1 25,3,4,7 2 3 3 25,26 4 5,7,8,9 5 6,8 6 8 7 9,26,25 8 9,30,31,10 9 31,10,26 10 31 11 12,19 12 13,19,20,22 13 15,16,14,20 14 20,16 15 16 16 17,18,23,20 17 18 18 23 19 21,22,30 20 22,23 21 22,30 22 23 23 24 25 26 26 31,28,27,32,29 27 28 28 29 29 32,42 30 31 31 32,33 32 33,42 33 43,42 34 36 35 47,36,46,39 36 37,40,39 37 38,41,40 38 45,52,41,42 39 47,40 40 61,49,41,62,47 41 52,62 42 43,44,45 43 44,55,57 44 45,55 45 52,59,54,55 46 47,48,50,51 47 49,50 48 51 49 63,50,51,61 50 51 52 53,62,54 53 54,62,63 54 59,56 55 56,57,59 56 59,60,57 57 58,60 61 63,62 62 63
setup_map wastelands 10 16 17 26 43 44 52
settings starting_regions 2 8 12 18 19 28 33 34 40 42 51 54 60 62
settings starting_pick_amount 7
