settings timebank 10000
settings time_per_move 500
settings max_rounds 125
settings your_bot player1
settings opponent_bot player2
setup_map super_regions 1 2 2 3 3 2 4 4 5 3 6 4 7 4 8 4 9 3 10 3 11 4
setup_map regions 1 1 2 1 3 1 4 1 5 2 6 2 7 2 8 2 9 2 10 3 11 3 12 3 13 3 14 3 15 4 16 4 17 4 18 4 19 4 20 5 21 5 22 5 23 6 24 6 25 6 26 6 27 6 28 7 29 7 30 7 31 7 32 7 33 8 34 8 35 8 36 8 37 8 38 8 39 9 40 9 41 9 42 9 43 10 44 10 45 10 46 10 47 11 48 11 49 11 50 11
setup_map neighbors 1 5,3,2 2 3,5,4 3 5 4 9,13,5 5 8,6,7,9 6 7 7 12,8,10,13,9 9 13 10 12,11 11 12,14,13 12 13 13 14 14 24 15 18,25,23,19,17,16 16 18 17 23 18 20,19,25 19 25 20 22,21,25 21 25,33,22 22 33 23 24,26,25,27 25 34,36,26,33 26 34,27 27 34,47 28 29,31,30 29 32,31 30 39,31,43,33 31 44,43,32 33 38,36,35 34 36,37,38,47 35 39 36 38 37 38,47,49 38 48,49 39 45,42,43,41,40 40 41 42 43,44,45 43 44 44 46,45 45 46 47 49 48 50,49 49 50
setup_map wastelands 4 8 9 21 46
settings starting_regions 2 5 12 18 20 24 28 38 39 44 50
settings starting_pick_amount 5
