settings timebank 10000
settings time_per_move 500
settings max_rounds 195
settings your_bot player2
settings opponent_bot player1
setup_map super_regions 1 3 2 2 3 4 4 4 5 3 6 3 7 2 8 3 9 5 10 2 11 4 12 2 13 2 14 1 15 2 16 3 17 3 18 3 19 4
setup_map regions 1 1 2 1 3 1 4 1 5 1 6 1 7 2 8 2 9 2 10 2 11 3 12 3 13 3 14 3 15 4 16 4 17 4 18 4 19 5 20 5 21 5 22 6 23 6 24 6 25 6 26 7 27 7 28 7 29 7 30 8 31 8 32 8 33 8 34 8 35 9 36 9 37 9 38 9 39 9 40 9 41 10 42 10 43 10 44 10 45 11 46 11 47 11 48 11 49 12 50 12 51 12 52 12 53 13 54 13 55 13 56 13 57 14 58 14 59 14 60 15 61 15 62 15 63 15 64 16 65 16 66 16 67 16 68 16 69 17 70 17 71 17 72 18 73 18 74 18 75 19 76 19 77 19 78 19
setup_map neighbors 1 6,4,3,2,5 2 6,19,20,7 3 4 4 5,35,6 5 6 6 35,20 7 19,11,8,12 8 19,9,14,12 9 14,21,19,10,13,50,57 10 57,50 11 12 12 23,13,18,14 13 23,49,14,50 15 17,16 16 18,17,24,23 17 22,24 18 23 19 20,21 20 21,36,35 21 39,36,57 22 25,24 23 45,49,24 24 45,25,46 26 27,28,30 27 41,29,28 28 30,33,29 29 33,41,53,54 30 31,33 31 33 32 37,35,38,34,33 33 55,53,34 34 40,38,37,55,64 35 37,36 36 39,37 37 38,39,40 39 40,57,58,59 40 59,64 41 54,42,43,44 43 53,72,69,54,44,56 44 69 45 48,46,47,49 46 61,48 47 49,60,50,48 48 61,62,60 49 50 50 51,60,52 51 67,52 52 60,63 53 54,55,56 55 72,56,73,64 56 72 57 58,66 58 65,59,66 59 64,65 60 62,63 61 62 62 63 64 73,75,68,76,65 65 67,66,77,76,68 66 67 68 76 69 70,71,72 70 72,74,71 72 74,73 73 75,74 75 78,76 76 77,78
setup_map wastelands 11 14 21 25 30 33 63 74
settings starting_regions 2 10 12 16 20 23 27 32 38 44 47 50 56 59 60 67 70 72 75
settings starting_pick_amount 8
