settings timebank 10000
settings time_per_move 500
settings max_rounds 200
settings your_bot player2
settings opponent_bot player1
setup_map super_regions 1 4 2 4 3 2 4 3 5 2 6 6 7 5 8 3 9 5 10 3 11 1 12 0 13 6 14 2 15 3 16 6 17 3 18 3
setup_map regions 1 1 2 1 3 1 4 1 5 1 6 2 7 2 8 2 9 2 10 3 11 3 12 3 13 4 14 4 15 4 16 5 17 5 18 5 19 5 20 6 21 6 22 6 23 6 24 6 25 6 26 7 27 7 28 7 29 7 30 7 31 7 32 8 33 8 34 8 35 8 36 9 37 9 38 9 39 9 40 9 41 10 42 10 43 10 44 11 45 11 46 11 47 12 48 12 49 13 50 13 51 13 52 13 53 13 54 13 55 13 56 14 57 14 58 14 59 14 60 15 61 15 62 15 63 15 64 15 65 16 66 16 67 16 68 16 69 16 70 16 71 16 72 17 73 17 74 17 75 17 76 17 77 18 78 18 79 18 80 18
setup_map neighbors 1 3,4,20,2 2 3,6 3 5,4,6 4 20,5,22 5 22,24,8,6 6 7,8 7 26,8,27,10 8 24,27,9 9 24,29,27 10 12,26,11 11 12,13,15 12 28,26,15 13 15,14,33 14 33 15 28,32,41,33 16 18,17,19 17 20,19 18 19 19 21,23,20 20 21,25,23,22 21 23 22 24,25 23 25,50,49 24 29,25,31,51 25 51,50 26 28,27 27 28,44,30,29 28 44,42,41 29 60,30,31 30 44,61,60 31 51,72,60,73,54 32 33,34,42,41 33 34 34 37,35,43,42,36 35 40,66,43,65,37,38 36 47,39,37 37 38,39 38 39,48,67,40 39 47,48 40 67,66 41 42 42 44,45,43,56 43 56,66,65 44 46,61,45 45 46,56 46 56,63,61,57 47 48 49 52,53,50 50 51,53 51 54,55,53 52 53 53 55 54 72,55 55 72 56 66,58,57 57 63,77,58,59,69,66 58 66 59 80,69,71,77 60 62,73,63,61 61 63 62 73,63,64 63 64,77,78 64 78,74,73 65 66 66 68,69,67 67 68 68 69,70 69 70,71 70 71 72 73,74 73 74 74 75,76,78 75 78,76 77 80,79,78 78 79 79 80
setup_map wastelands 3 10 25 26 29 43 53 72 75
settings starting_regions 2 7 11 15 19 21 31 35 37 42 44 48 49 58 60 68 74 79
settings starting_pick_amount 9
