settings timebank 10000
settings time_per_move 500
settings max_rounds 190
settings your_bot player1
settings opponent_bot player2
setup_map super_regions 1 5 2 0 3 5 4 4 5 2 6 1 7 2 8 3 9 0 10 1 11 4 12 2 13 1 14 4 15 1 16 0 17 1 18 4 19 4 20 1 21 2
setup_map regions 1 1 2 1 3 1 4 1 5 1 6 2 7 2 8 3 9 3 10 3 11 3 12 3 13 3 14 4 15 4 16 4 17 4 18 4 19 5 20 5 21 5 22 6 23 6 24 6 25 7 26 7 27 7 28 7 29 8 30 8 31 8 32 9 33 9 34 10 35 10 36 10 37 11 38 11 39 11 40 11 41 11 42 12 43 12 44 12 45 12 46 13 47 13 48 13 49 14 50 14 51 14 52 14 53 15 54 15 55 15 56 16 57 16 58 17 59 17 60 18 61 18 62 18 63 18 64 18 65 19 66 19 67 19 68 19 69 19 70 20 71 20 72 20 73 21 74 21 75 21 76 21
setup_map neighbors 1 3,2,4 2 4,7,6 3 22,4,23 4 22,6,5,7,25 5 25 6 8,26,7,25 8 9,10,26 9 14,10,11,16 10 26,29,11,12 11 12,16 12 16,37,30,17,18,13,29,14 13 31,30,37,49 14 17,16,19,15 15 19,17 17 18,37,32,19,33 18 37 19 20,21,32 20 21 22 25,23,24 23 24,42,28 24 28,25 25 27,35,28,26 26 34,35,29 27 35,44,28,48,46,47 28 43,42,44 29 34,30 30 34,31,36 31 53,36,49 32 33 33 37,38,40 34 46,35,36 35 46 36 47,53,46,56 37 40,39,49 38 40 39 49,51,40,41 40 41,50 41 51,50 42 43,45 43 45,44 44 48,62,45,63,60 45 63 46 47 47 48,61,56 48 60,61 49 53,54,51,55 50 58,51 51 58,52,73,55,71 52 58,73 53 56,54 54 57,56,55 55 71,57 56 66,61,57,70 57 72,70,71 58 59,73 59 73 60 65,62,63,61 61 65,66 62 63 63 64,65,68 65 69,68,67,66,70 66 70 67 70,69 70 72 71 73,74,72 72 74 73 75,74,76 74 75 75 76
setup_map wastelands 11 18 19 27 34 35 41 45 53 76
settings starting_regions 1 7 8 16 21 24 28 29 33 36 38 44 48 52 55 57 58 64 65 71 73
settings starting_pick_amount 9
