settings timebank 10000
settings time_per_move 500
settings max_rounds 187
settings your_bot player2
settings opponent_bot player1
setup_map super_regions 1 3 2 3 3 4 4 5 5 4 6 6 7 5 8 3 9 1 10 3 11 3 12 2 13 5 14 5 15 6 16 2
setup_map regions 1 1 2 1 3 1 4 1 5 2 6 2 7 2 8 2 9 2 10 2 11 3 12 3 13 3 14 3 15 4 16 4 17 4 18 4 19 4 20 4 21 5 22 5 23 5 24 5 25 5 26 6 27 6 28 6 29 6 30 6 31 6 32 7 33 7 34 7 35 7 36 7 37 7 38 8 39 8 40 8 41 9 42 9 43 9 44 10 45 10 46 10 47 11 48 11 49 11 50 11 51 11 52 12 53 12 54 12 55 13 56 13 57 13 58 13 59 13 60 14 61 14 62 14 63 14 64 14 65 15 66 15 67 15 68 15 69 15 70 15 71 15 72 16 73 16 74 16 75 16
setup_map neighbors 1 3,2 2 4,3,21,18 3 22,21 4 17,18 5 8,10,9,32,6 6 7,8,10,13,26 7 11,13 8 10 10 33,26 11 12,13 12 14,13 13 26,27,14 14 44,27 15 17,38,40,16 17 39,19,18,38 18 41,21,19 19 20,39,47,38,49,41 20 50,49,41,42 21 41,25,22,23 22 23 23 24,25 24 25,32,55 25 42,41 26 28,34,33,27,36,29,44,30 27 44 28 29,30 29 44,31,30 30 31,36 31 36,44,60,59 32 33 33 36,34,37,35 34 36 35 56,37 36 56,37 37 56 38 40,52,47,39,48 41 42 42 50,43 43 50,54 44 45,46,60 45 46 46 60 47 48,49 48 52,49,51,54,50 49 50 50 51,54 51 54 52 53,54 53 54 55 57,56,58 56 58,65,59 57 58,66,65 58 65 59 72,60,61,65 60 61,62 61 63,72,62 62 63 63 73,75,64,72 65 67,71,72,66 66 70,69,71 67 72,74,70,71,75 68 69 69 70 70 71 72 74,73,75 73 75 74 75
setup_map wastelands 5 9 19 43 60 63 67 72
settings starting_regions 3 8 12 18 21 28 34 39 41 46 48 52 56 61 71 75
settings starting_pick_amount 5
