settings timebank 10000
settings time_per_move 500
settings max_rounds 152
settings your_bot player2
settings opponent_bot player1
setup_map super_regions 1 6 2 2 3 3 4 2 5 2 6 2 7 5 8 5 9 3 10 3 11 1 12 5 13 3 14 1 15 2
setup_map regions 1 1 2 1 3 1 4 1 5 1 6 1 7 1 8 2 9 2 10 2 11 2 12 3 13 3 14 3 15 4 16 4 17 4 18 5 19 5 20 5 21 5 22 5 23 6 24 6 25 6 26 7 27 7 28 7 29 7 30 7 31 8 32 8 33 8 34 8 35 8 36 9 37 9 38 9 39 10 40 10 41 10 42 10 43 10 44 11 45 11 46 11 47 11 48 12 49 12 50 12 51 12 52 12 53 13 54 13 55 13 56 14 57 14 58 14 59 15 60 15 61 15
setup_map neighbors 1 3,4 2 4 3 6,36,4 4 5,6 5 6,7,11 6 37,7,36,38 7 44,37 8 9 9 12,10,31,32 10 32,11 11 33,32,44 12 13,14,31,39,34,32 13 14 14 40,39 15 23,16 16 18,24,19,23,17,26,20 17 20,27,26 18 19 19 20 20 21,22,27,28 21 22 22 28 23 24,26,25 24 26 25 41 26 28,29,27,48 27 28 28 30,50,29 29 30,48,49 30 50,49 31 32 32 34,33 33 35,34 34 43,40,39,35 36 38 37 45,38,44 38 45 39 40 40 42,41,43 41 42 42 48 44 47,46,45 45 46 48 49,53 49 53,50,51 50 52,56,51 51 56,52,59,53,61,58 53 54,60,59,55 54 55 56 57,58 57 58 59 61,60 60 61
setup_map wastelands 4 21 24 33 39
settings starting_regions 7 8 12 15 20 25 30 32 36 41 45 49 53 57 59
settings starting_pick_amount 6
