settings timebank 10000
settings time_per_move 500
settings max_rounds 187
settings your_bot player1
settings opponent_bot player2
setup_map super_regions 1 5 2 0 3 5 4 7 5 3 6 1 7 0 8 3 9 2 10 4 11 4 12 1 13 2 14 6 15 5 16 5 17 2
setup_map regions 1 1 2 1 3 1 4 1 5 1 6 1 7 1 8 2 9 2 10 3 11 3 12 3 13 3 14 3 15 3 16 3 17 4 18 4 19 4 20 4 21 4 22 4 23 4 24 5 25 5 26 5 27 5 28 6 29 6 30 6 31 7 32 7 33 8 34 8 35 8 36 8 37 9 38 9 39 9 40 10 41 10 42 10 43 10 44 10 45 10 46 11 47 11 48 11 49 11 50 11 51 12 52 12 53 13 54 13 55 13 56 14 57 14 58 14 59 14 60 14 61 14 62 14 63 15 64 15 65 15 66 15 67 15 68 16 69 16 70 16 71 16 72 16 73 17 74 17 75 17
setup_map neighbors 1 2,8,9 2 25,27,9,3,4 3 5,4,46,6,9 4 46,27 5 15,16,7,6,9 6 48,7,46 7 49,48,16,54,55,53 8 10,9,12,13 9 15,13 10 12,11 11 20,28,14,12,17 12 14,28,13,16 13 16,15 14 28 15 16 16 28,40,53 17 18,20 18 20,21,19 19 21,22 20 31,28,30,32,29,21 21 22,31,32 22 33,23,32 23 33,42,32 24 25,26 25 27,26 26 27,37 27 37,46,51 28 29,40 29 40,30 30 43,41,42,32,40 31 32 32 42 33 42,34,35 34 35 35 42,36,56 36 58,56 37 51,38 38 51,39 39 70,51,68 40 53,41 41 43,45,53 42 56,44,43,58 43 44,57,45 44 58,57 45 59,64,53,57 46 51,47,52,48 47 48,69,71,50,52,68 48 49,50 49 73,74,50,55 50 74,71 51 52,68 52 68 53 64,63,54 54 55,63 55 73,63 56 58 57 59,58,62,60 58 61,60 59 64,66,62 60 61,62 62 66 63 64,73 64 66,65,67,73 65 66,67 67 73 68 69,70 69 71,70,72 70 72 71 75,72,74 73 74 74 75
setup_map wastelands 23 31 36 43 49 56 72 75
settings starting_regions 5 8 10 22 26 28 32 33 38 40 46 52 53 62 65 71 74
settings starting_pick_amount 6
