settings timebank 10000
settings time_per_move 500
settings max_rounds 107
settings your_bot player2
settings opponent_bot player1
setup_map super_regions 1 2 2 3 3 6 4 2 5 6 6 3 7 3 8 4 9 4
setup_map regions 1 1 2 1 3 1 4 1 5 2 6 2 7 2 8 2 9 3 10 3 11 3 12 3 13 3 14 3 15 3 16 4 17 4 18 4 19 4 20 5 21 5 22 5 23 5 24 5 25 5 26 6 27 6 28 6 29 6 30 6 31 7 32 7 33 7 34 8 35 8 36 8 37 8 38 8 39 8 40 9 41 9 42 9 43 9
setup_map neighbors 1 2 2 5,3,4 3 20,4,8 4 5,8 5 7,16,8,6 6 7 7 16,10 8 16,21,20 9 11,10,12 10 11,14,16,17,12,15 12 15 13 15 14 15,17 15 18,31,17 16 17,21 17 21,26,18,19 18 19,32,33,34 19 27,34,28,26 20 22,21 21 22,26,23 22 24,23 23 25,27,29,30,24,26 24 25 25 40,30 26 27 27 29,28 28 34,29 29 34,30,41,42,40 30 40 31 32 32 33,34 33 34 34 36,35,37,38,41 36 37 37 39,38 38 41,42,39 40 42,43 41 42
setup_map wastelands 20 22 27 42
settings starting_regions 4 5 15 17 25 26 33 34 40
settings starting_pick_amount 4
