settings timebank 10000
settings time_per_move 500
settings max_rounds 165
settings your_bot player2
settings opponent_bot player1
setup_map super_regions 1 4 2 1 3 3 4 2 5 2 6 4 7 1 8 4 9 4 10 3 11 3 12 4 13 5 14 3 15 4
setup_map regions 1 1 2 1 3 1 4 1 5 1 6 2 7 2 8 2 9 3 10 3 11 3 12 3 13 3 14 4 15 4 16 4 17 5 18 5 19 5 20 5 21 6 22 6 23 6 24 6 25 6 26 7 27 7 28 7 29 7 30 8 31 8 32 8 33 8 34 8 35 9 36 9 37 9 38 9 39 10 40 10 41 10 42 10 43 11 44 11 45 11 46 11 47 12 48 12 49 12 50 12 51 12 52 12 53 13 54 13 55 13 56 13 57 13 58 14 59 14 60 14 61 15 62 15 63 15 64 15 65 15 66 15
setup_map neighbors 1 15,4,2,14 2 4,6,3 3 5,26,4,27,6,35 4 15,16,26 5 7,6 6 7 7 8 9 13,11,10,17 10 11 12 13,30 13 31,17,19,30 14 15,21 15 16,21 16 21,22 17 19,32,20,18 18 20 19 32,31 21 23,22,24 22 23,28,24,26,25 23 24 24 43,45,25 25 46,45 26 27,29,28 27 29,39 28 29 30 31,37,33,34,32 31 32 32 34 33 34,47,37,48 34 49,50 35 37,36,40 36 40,37,53,42,38 37 47,53,38 38 53 39 41,40 40 41,42,54 41 54 42 53,54 43 44,45 44 45 45 46 47 48,51,53 48 50,51 49 60,50,58 50 51,59,60 51 52,53,61,64,55,59 52 61 53 55,54 54 55,56,57 55 57 58 62,60 59 61,60 60 61,63,62 61 65,64,63 62 63 63 65 64 66
setup_map wastelands 11 17 24 26 34 39 58
settings starting_regions 2 8 12 15 18 21 28 32 37 41 45 50 54 59 66
settings starting_pick_amount 6
