settings timebank 10000
settings time_per_move 500
settings max_rounds 165
settings your_bot player1
settings opponent_bot player2
setup_map super_regions 1 4 2 4 3 1 4 2 5 5 6 5 7 7 8 1 9 1 10 1 11 3 12 6 13 6 14 2
setup_map regions 1 1 2 1 3 1 4 1 5 1 6 2 7 2 8 2 9 2 10 2 11 3 12 3 13 3 14 4 15 4 16 4 17 5 18 5 19 5 20 5 21 5 22 6 23 6 24 6 25 6 26 6 27 7 28 7 29 7 30 7 31 7 32 7 33 7 34 8 35 8 36 8 37 9 38 9 39 9 40 10 41 10 42 10 43 10 44 11 45 11 46 11 47 11 48 12 49 12 50 12 51 12 52 12 53 12 54 12 55 13 56 13 57 13 58 13 59 13 60 13 61 13 62 14 63 14 64 14 65 14 66 14
setup_map neighbors 1 2,6,3 2 6,4,7,8,5,9,3 3 4 4 5 5 9,10 6 7 7 11,8,12,13 8 13,9 9 13,18,10 10 18,19,22 11 12 12 13 13 15,17,18 14 16,15 15 16,17 16 17,28,27 17 21,20,27,18 18 20,19 19 23,22,25,21,20 20 21 21 27,31,32,25 22 23 23 24,25,26 24 51,38 25 31,56,26 27 29,28,32 29 30,32 30 62,32,33,64 31 56,32,55 32 33,55 33 65,64,58,55 34 36,35 35 40,36,44 36 44 37 38,39,48 38 49,48,39 39 48 40 42,44,46,41 41 43,42 42 46,43 43 46 44 46,45 45 46,50,47,48 46 47 47 50 48 50,51,49 49 51 50 51,54 51 52,53,54 52 54,53 55 56,58,60 56 60,57 57 59,60 58 60 59 60 60 61 62 63,64 63 64 64 66,65 65 66
setup_map wastelands 14 33 34 38 39 40 65
settings starting_regions 5 6 12 15 20 23 32 36 37 42 45 49 61 63
settings starting_pick_amount 7
