settings timebank 10000
settings time_per_move 500
settings max_rounds 115
settings your_bot player2
settings opponent_bot player1
setup_map super_regions 1 6 2 2 3 4 4 5 5 3 6 2 7 4 8 4 9 3
setup_map regions 1 1 2 1 3 1 4 1 5 1 6 1 7 1 8 2 9 2 10 2 11 2 12 2 13 3 14 3 15 3 16 3 17 3 18 3 19 4 20 4 21 4 22 4 23 4 24 5 25 5 26 5 27 5 28 6 29 6 30 6 31 7 32 7 33 7 34 7 35 7 36 8 37 8 38 8 39 8 40 8 41 8 42 8 43 9 44 9 45 9 46 9
setup_map neighbors 1 2 2 4,14,3 3 4 4 6,5,13,14,15 5 6 6 13,7,16,15 7 16,19 8 9,11 9 10,11,12,21 11 20,19,21 12 21,28 13 15 14 15,17 15 16,17 17 18 19 20,22 20 21,22,24,26,23 21 24,28,25 23 26 24 26,25 25 28,29,26 26 27,33,29 27 31,32 28 29,30 29 30 31 37,32,36,34,40 32 33,35,43,34,44 34 35,40 35 46,40,42,43 36 37 37 40,38 38 40,41,39 39 41 40 41,42 41 42 43 44,45,46 44 45
setup_map wastelands 1 22 25 44
settings starting_regions 5 11 18 21 27 28 35 39 46
settings starting_pick_amount 4
