settings timebank 10000
settings time_per_move 500
settings max_rounds 112
settings your_bot player2
settings opponent_bot player1
setup_map super_regions 1 4 2 4 3 3 4 4 5 2 6 5 7 1 8 6 9 1
setup_map regions 1 1 2 1 3 1 4 1 5 1 6 1 7 2 8 2 9 2 10 2 11 2 12 2 13 2 14 3 15 3 16 3 17 3 18 3 19 4 20 4 21 4 22 4 23 4 24 5 25 5 26 5 27 5 28 6 29 6 30 6 31 6 32 6 33 7 34 7 35 7 36 8 37 8 38 8 39 8 40 8 41 8 42 8 43 9 44 9 45 9
setup_map neighbors 1 2,9,4 2 4,3,5,6 3 16,24,25,6 4 8,13,9,5,6 5 6 6 25,33,34,13 7 9,8 8 11,13,9 10 11,12 11 13,12 13 36,34 14 17,15,16 15 19,18,20,17 16 24,17 17 18,24,20,26 18 20 19 21,20,22 20 22,24,26,28,23 22 28 23 24,28 24 26,27,29,25,28,30 25 33,27 27 29 28 43,29,30,32,44 29 33,30,32,31 31 32,39,33 32 44,42,39 33 34 34 35,37,38,36 35 39,38 36 37,40 37 38,40 38 40,39,41 39 41,42 41 42 43 45,44 44 45
setup_map wastelands 7 21 26 29
settings starting_regions 2 10 15 22 27 30 33 40 45
settings starting_pick_amount 3
