settings timebank 10000
settings time_per_move 500
settings max_rounds 150
settings your_bot player1
settings opponent_bot player2
setup_map super_regions 1 4 2 1 3 6 4 1 5 6 6 5 7 5 8 2 9 2 10 2 11 4 12 3
setup_map regions 1 1 2 1 3 1 4 1 5 1 6 1 7 1 8 2 9 2 10 2 11 3 12 3 13 3 14 3 15 3 16 3 17 4 18 4 19 4 20 5 21 5 22 5 23 5 24 5 25 5 26 5 27 6 28 6 29 6 30 6 31 6 32 6 33 6 34 7 35 7 36 7 37 7 38 7 39 7 40 7 41 8 42 8 43 8 44 8 45 9 46 9 47 9 48 9 49 10 50 10 51 10 52 10 53 10 54 11 55 11 56 11 57 11 58 12 59 12 60 12
setup_map neighbors 1 2,3,5,17 2 3 3 5,4,6 4 6,20,8,7,22 5 19,6,17,7 6 7 7 22,19 8 20,9,10,21,11 9 11 10 13,21,11 11 12,13,14 13 15,14,24,21,16 14 16 15 16,26,23,24 17 18,19 18 36,34,19 19 36,22 20 21,22 21 23,22,24 22 23,25 23 24,25,26 27 29,34,35,30,28,37,31 28 42,29,30 30 42,32,31,44,54 31 37,32 32 56,54,40,39,37,33 33 40,56 34 36,35 35 36,38,37 36 38 37 38,39 38 40,39 39 40 41 43,42 42 44,43 43 44,46,45 44 47,46,54 45 46,48 46 47,55,48 47 54,55 48 55,57,60,59,58 49 51,52,50 50 52 51 59,53,52,58 52 53 53 59 54 56,55 55 57 57 60 58 59 59 60
setup_map wastelands 2 36 43 48 56 59
settings starting_regions 5 8 16 19 22 28 40 41 46 50 57 58
settings starting_pick_amount 6
