settings timebank 10000
settings time_per_move 500
settings max_rounds 182
settings your_bot player2
settings opponent_bot player1
setup_map super_regions 1 3 2 4 3 1 4 5 5 3 6 2 7 2 8 2 9 3 10 3 11 3 12 4 13 2 14 3 15 2 16 4 17 3
setup_map regions 1 1 2 1 3 1 4 2 5 2 6 2 7 2 8 2 9 3 10 3 11 3 12 4 13 4 14 4 15 4 16 4 17 5 18 5 19 5 20 5 21 5 22 5 23 6 24 6 25 6 26 7 27 7 28 7 29 8 30 8 31 8 32 9 33 9 34 9 35 9 36 10 37 10 38 10 39 10 40 10 41 11 42 11 43 11 44 11 45 11 46 12 47 12 48 12 49 12 50 12 51 12 52 13 53 13 54 13 55 14 56 14 57 14 58 14 59 14 60 15 61 15 62 15 63 15 64 16 65 16 66 16 67 16 68 16 69 17 70 17 71 17 72 17 73 17
setup_map neighbors 1 2 2 26,28,3 3 26,7 4 6,5,23,7 5 23 6 7,8,23,27,25 7 27,26 8 47,25,46,27,36,49 9 10 10 29,11,30 11 12,30,32 12 14,13,32 13 17,14 14 17,15,32 15 33,32,16,17,34,35 16 17,21 17 18,21 18 20,21,19 19 20 20 22,21 23 25,24 24 37,36,25 25 36 26 28,27 27 28,46 28 52,46 29 31,37,30,32 30 32 31 41,32 32 41,33 33 34,45,41 34 35,45 36 38,37,40,50,49 37 42,38 38 40,39,42 39 42 40 50,56,61,55 41 42,43,45,44 43 44 44 45 46 47,48,52 47 49,48 48 54,53,52,51,64,49,50 49 50 50 51,61,60 51 64,60,62 52 53 53 54 55 69,56 56 69,57,61 57 73,58,70,61,69 58 63,59,61,73 59 62,68,63 60 61,62 61 62,63 62 64,65,63,68 64 65,66 65 66,68,67 67 68 69 71,70 70 71,73 71 72,73
setup_map wastelands 17 23 24 34 44 50 61 71
settings starting_regions 3 8 9 14 19 25 28 30 33 36 45 46 52 55 63 68 73
settings starting_pick_amount 5
