settings timebank 10000
settings time_per_move 500
settings max_rounds 162
settings your_bot player1
settings opponent_bot player2
setup_map super_regions 1 3 2 6 3 4 4 1 5 7 6 3 7 4 8 4 9 2 10 2 11 3 12 4 13 4 14 3
setup_map regions 1 1 2 1 3 1 4 2 5 2 6 2 7 2 8 2 9 2 10 2 11 3 12 3 13 3 14 3 15 3 16 3 17 4 18 4 19 4 20 5 21 5 22 5 23 5 24 5 25 5 26 5 27 6 28 6 29 6 30 6 31 7 32 7 33 7 34 7 35 8 36 8 37 8 38 8 39 8 40 9 41 9 42 9 43 9 44 10 45 10 46 10 47 10 48 10 49 11 50 11 51 11 52 11 53 11 54 12 55 12 56 12 57 12 58 13 59 13 60 13 61 13 62 14 63 14 64 14 65 14
setup_map neighbors 1 3,2 2 20,3,21,22 3 21 4 6,5 5 11,12,7,6 6 7,9,8,10 7 12,9 9 10,12,15 10 15,37,35 11 13,12 12 14,15,13,16,41,40 13 16 14 16 15 40,37 16 41 17 20,18 18 20,19 19 20 20 21,24,25 21 23,22,27,31,25 23 31 24 50,25 25 26,31 26 34,31 27 28,32,31,29 28 29,30,36 29 30,33,32 30 33,36 31 32,33,34 32 33 33 34 35 37,36 36 38,37 37 42,38,40 38 42,39,62 40 41,43,42 41 43 42 63,54,62,43 43 55,54 44 45,46 45 49,47,46 46 48,47,52 47 51,52,49 48 53,52 49 50,58,51,59 50 58 51 52,59 52 53,59 54 55,63,57,64 55 57,56 58 60,61,59 59 60,61 60 61 62 63 63 64 64 65
setup_map wastelands 7 12 30 31 54 62 63
settings starting_regions 1 8 16 19 23 27 34 35 43 48 52 55 60 65
settings starting_pick_amount 6
