settings timebank 10000
settings time_per_move 500
settings max_rounds 172
settings your_bot player1
settings opponent_bot player2
setup_map super_regions 1 4 2 4 3 4 4 3 5 3 6 3 7 2 8 4 9 4 10 6 11 1 12 3 13 1 14 4 15 3 16 1
setup_map regions 1 1 2 1 3 1 4 1 5 2 6 2 7 2 8 2 9 2 10 3 11 3 12 3 13 3 14 4 15 4 16 4 17 4 18 5 19 5 20 5 21 5 22 6 23 6 24 6 25 6 26 6 27 6 28 7 29 7 30 7 31 7 32 8 33 8 34 8 35 8 36 8 37 8 38 9 39 9 40 9 41 9 42 9 43 10 44 10 45 10 46 10 47 10 48 10 49 11 50 11 51 11 52 12 53 12 54 12 55 12 56 12 57 13 58 13 59 13 60 14 61 14 62 14 63 14 64 15 65 15 66 15 67 16 68 16 69 16
setup_map neighbors 1 2,4 2 18,4,3 3 18,7,20,5 4 21,38,19,18 5 6,7 6 22,7 7 9,20,22,23 8 20,9,23,26 9 20,23 10 11,12 11 12,14,29,30,28 12 28,13,30 13 30,25,52 14 16,29,15,30 16 32,17,30 17 43,31,32,44,30 18 20,19 19 20,21 20 21 21 50,49,38 22 23 23 24,25,26 24 25,27 27 53 28 30 29 30 30 31 32 34,45,33,44 33 34 34 35,45 35 46,44,36,45 36 46,47,48,37 37 48 38 39,49,51 39 51,40,64,42 40 41,65,64,51 42 64 43 44 44 46,45,47 46 47 47 48 49 50,51 50 51 52 53,54 53 54,55,60,56 54 56 55 56,67,61,60,69,68 56 69 57 59,60,61 58 59 59 61 60 61 61 62,67,63 62 63 63 67,68 64 65,66 65 66 67 68 68 69
setup_map wastelands 40 44 45 46 48 50 66 68
settings starting_regions 3 5 11 14 20 26 28 36 41 47 51 54 59 62 65 69
settings starting_pick_amount 7
