settings timebank 10000
settings time_per_move 500
settings max_rounds 157
settings your_bot player2
settings opponent_bot player1
setup_map super_regions 1 5 2 4 3 4 4 5 5 2 6 5 7 4 8 4 9 2 10 2 11 4 12 3 13 3
setup_map regions 1 1 2 1 3 1 4 1 5 1 6 1 7 1 8 2 9 2 10 2 11 2 12 3 13 3 14 3 15 3 16 3 17 3 18 4 19 4 20 4 21 4 22 4 23 5 24 5 25 5 26 5 27 6 28 6 29 6 30 6 31 6 32 7 33 7 34 7 35 7 36 7 37 7 38 8 39 8 40 8 41 8 42 9 43 9 44 9 45 9 46 10 47 10 48 10 49 10 50 11 51 11 52 11 53 11 54 11 55 12 56 12 57 12 58 12 59 13 60 13 61 13 62 13 63 13
setup_map neighbors 1 7,6,2,3 2 3 3 4,5,6,18,10,19 4 5 5 8,10 6 19,7 7 19,21,33,36,32 8 9,12 9 12,14,11,10,23 10 23,24,11,18,25 12 13,14 13 14 14 15,16,38,23 15 16,17 16 38,17 17 46,40,38,43 18 25,20,19 19 20,21 20 25,26,21,50 21 22,36,50,52,37 22 37 23 24,38 24 38,25,39,26 25 26 26 39 27 28 28 30,31,29,43 29 44,43,31 30 31,56 31 44,57,55,45,56 32 33,35,34 33 35,36 34 35 35 36,37 36 37 38 39,40,41 39 41,51 40 46,41 41 46,48 42 43 43 44,45 44 45 45 55,47 46 49,47,48 48 49 50 53,52,51 51 53 52 53,54 55 58,60,57,59 56 57,61,58 57 58 58 60,61 59 60 60 62,61,63 61 63 62 63
setup_map wastelands 13 18 24 38 43 49
settings starting_regions 1 9 17 19 23 27 35 39 44 46 53 55 60
settings starting_pick_amount 5
