settings timebank 10000
settings time_per_move 500
settings max_rounds 107
settings your_bot player1
settings opponent_bot player2
setup_map super_regions 1 4 2 6 3 3 4 4 5 3 6 2 7 6 8 3 9 2 10 3
setup_map regions 1 1 2 1 3 1 4 1 5 1 6 2 7 2 8 2 9 2 10 2 11 2 12 3 13 3 14 3 15 4 16 4 17 4 18 4 19 4 20 5 21 5 22 5 23 6 24 6 25 6 26 7 27 7 28 7 29 7 30 7 31 7 32 7 33 8 34 8 35 8 36 9 37 9 38 9 39 9 40 10 41 10 42 10 43 10
setup_map neighbors 1 2,3,5 2 3 3 5,4 4 6,10,5 5 21,20,18,17,10 6 11,10,23,9,21,8,7 7 8,12 8 11,13,9,12 9 11 10 21 11 23,26,24,13 12 13 13 14,26,27 14 28,27 15 16 16 18 17 18 18 33,22,20,19,34 19 21,36,22,34 20 21,22 21 24,23,25,22,36 23 24 24 26,25 25 26,32,36,30 26 27,30 27 28,29,30 28 29,31,30 29 30 30 40,32,31,41 31 41 32 40,42,38,36 33 34 34 37,36,35 35 37 36 38,37 37 38,39 38 42,39 40 41,42,43 42 43
setup_map wastelands 2 10 25 34 40
settings starting_regions 4 9 14 15 20 24 30 35 36 42
settings starting_pick_amount 4
