settings timebank 10000
settings time_per_move 500
settings max_rounds 175
settings your_bot player2
settings opponent_bot player1
setup_map super_regions 1 3 2 5 3 4 4 5 5 3 6 4 7 2 8 4 9 6 10 4 11 2 12 1 13 1 14 3
setup_map regions 1 1 2 1 3 1 4 1 5 1 6 2 7 2 8 2 9 2 10 2 11 3 12 3 13 3 14 3 15 3 16 4 17 4 18 4 19 4 20 4 21 4 22 4 23 5 24 5 25 5 26 5 27 5 28 6 29 6 30 6 31 6 32 6 33 6 34 7 35 7 36 7 37 7 38 8 39 8 40 8 41 8 42 8 43 8 44 9 45 9 46 9 47 9 48 9 49 9 50 9 51 10 52 10 53 10 54 10 55 10 56 10 57 11 58 11 59 11 60 12 61 12 62 12 63 13 64 13 65 13 66 13 67 14 68 14 69 14 70 14
setup_map neighbors 1 2 2 23,3,4,24 3 6,5,4,8 4 24,5,10,8 5 8 6 7,8 7 8,9 8 9,10 9 34,10 10 34,27,24,35 11 12,16 12 16,13,28 13 16,19,14,28 14 31,28,15,38,19 15 38,31,41 16 19,17 17 19,18,20 18 21,20 19 20,38 20 39,21,22,38 21 22,45 22 45,40,39 23 24,25 24 27,25,26 25 44,26 26 27 27 35 28 29,31,32,30 29 30 30 33,32 31 33,57,41,32 32 33 33 57,63,64 34 35,37 35 36,48,37,47 36 37,48 38 39,41 39 41,40 40 45,42,51 41 42,43,58,57 42 67,68,52,51 44 45,47,46 45 51,46 46 47,60,53,51 47 60,48 48 49,62,60,50 51 52,53 52 53,54,55,68 53 60,56,55,54 54 55 55 68,56,61,70 56 61,60 57 64,58,59 58 59 60 61,62 61 62 63 64 64 65 65 66 67 68,69,70 68 70 69 70
setup_map wastelands 9 10 29 30 54 57 67
settings starting_regions 1 7 12 16 23 28 35 38 47 55 59 62 66 70
settings starting_pick_amount 4
