settings timebank 10000
settings time_per_move 500
settings max_rounds 202
settings your_bot player2
settings opponent_bot player1
setup_map super_regions 1 4 2 5 3 5 4 3 5 2 6 1 7 1 8 4 9 5 10 2 11 4 12 4 13 3 14 3 15 0 16 2 17 3 18 2 19 4 20 1 21 2
setup_map regions 1 1 2 1 3 1 4 1 5 2 6 2 7 2 8 2 9 2 10 2 11 2 12 3 13 3 14 3 15 3 16 3 17 4 18 4 19 4 20 4 21 5 22 5 23 5 24 5 25 6 26 6 27 7 28 7 29 8 30 8 31 8 32 8 33 8 34 9 35 9 36 9 37 9 38 9 39 9 40 9 41 10 42 10 43 10 44 11 45 11 46 11 47 11 48 11 49 12 50 12 51 12 52 12 53 13 54 13 55 13 56 13 57 14 58 14 59 14 60 15 61 15 62 16 63 16 64 16 65 17 66 17 67 17 68 17 69 17 70 18 71 18 72 18 73 19 74 19 75 19 76 19 77 20 78 20 79 21 80 21 81 21
setup_map neighbors 1 2 2 5,28,9,3 3 27,28,50,11,4,9,49,44 4 44,11 5 6,9,7,10,11 6 7 7 10,8,12,25,26 8 12 9 11 10 26,11,42,45 11 44,45 12 13,25,17,14,15,26 13 17 14 15,18,34,16,17 15 41,26,16 16 37,41,36,34 17 18 18 19,34,20 19 20,21,22 20 30,35,34,22,24 21 22 22 24,23 23 24 24 29,30 25 26 26 42,41 27 49,28 29 30,31 30 53,40,36,35,38,31,32 31 32,33,53 32 53 33 53 34 36,35 35 36 36 37,38 37 41,57,38 38 58,57,39,40,59 39 40 40 54,59,53,77 41 43,42,57 42 43,45 43 47,57,62,66,65,45 44 45,46,48,50,60,47 45 46,47 46 47 47 65,60 48 70,60,50,72,52,79 49 50,51 50 52,51 51 52 52 70,71 53 55,54 54 55,56,77 55 56 56 78,77 57 58,62 58 62,59,64,73 59 73,77 60 79,65,61 61 65,79 62 66,63,64 63 67,74,64,66,76,69 64 73,74 65 66,67,68,79 66 67 67 68,69 68 79,81,69 69 76 70 72,71 72 79 73 78,77,75,74,76 74 76 75 76 77 78 79 81,80 80 81
setup_map wastelands 8 16 18 37 51 54 55 61 76
settings starting_regions 2 11 12 19 22 26 27 33 39 43 47 52 56 57 60 63 69 70 75 77 81
settings starting_pick_amount 8
