settings timebank 10000
settings time_per_move 500
settings max_rounds 137
settings your_bot player1
settings opponent_bot player2
setup_map super_regions 1 5 2 3 3 3 4 4 5 3 6 5 7 2 8 6 9 2 10 3 11 2
setup_map regions 1 1 2 1 3 1 4 1 5 1 6 1 7 1 8 2 9 2 10 2 11 2 12 3 13 3 14 3 15 3 16 3 17 4 18 4 19 4 20 4 21 4 22 4 23 5 24 5 25 5 26 5 27 6 28 6 29 6 30 6 31 6 32 6 33 7 34 7 35 7 36 7 37 8 38 8 39 8 40 8 41 8 42 8 43 8 44 9 45 9 46 9 47 10 48 10 49 10 50 10 51 10 52 10 53 11 54 11 55 11
setup_map neighbors 1 8,10,2,3,5 2 4,5 3 10,6,9,11,4,5 4 5,7 6 11 8 9,10 9 11,10 11 23 12 14,24,13 13 14,20 14 24,16,25,15,20 15 16,20,30,33 16 33,34,26,25 17 18,21,19,20,22 18 21 20 22,28,30 21 27,28,22 22 28 23 25,24 24 25 25 26 26 34 27 29,28 28 29,30,31,39 29 37,39 30 31,38,32,33 31 39,38 32 38,40,35,44,36,33,34 33 34,35 34 35,36 36 44,45 37 39,42 38 40,41,39,42 39 42 40 44,41,43,47 41 42 44 53,45,46 45 53,54 46 53,48,51,47 47 48,49 48 52,51,50,49 49 50 51 53,52,55 53 54,55 54 55
setup_map wastelands 3 6 8 30 35
settings starting_regions 5 10 13 17 26 27 33 42 46 50 53
settings starting_pick_amount 4
