settings timebank 10000
settings time_per_move 500
settings max_rounds 137
settings your_bot player2
settings opponent_bot player1
setup_map super_regions 1 4 2 3 3 2 4 4 5 7 6 4 7 5 8 3 9 1 10 3 11 4 12 5
setup_map regions 1 1 2 1 3 1 4 1 5 2 6 2 7 2 8 2 9 3 10 3 11 3 12 3 13 4 14 4 15 4 16 4 17 5 18 5 19 5 20 5 21 5 22 5 23 5 24 6 25 6 26 6 27 6 28 6 29 6 30 7 31 7 32 7 33 7 34 7 35 7 36 8 37 8 38 8 39 8 40 9 41 9 42 9 43 10 44 10 45 10 46 10 47 11 48 11 49 11 50 11 51 12 52 12 53 12 54 12 55 12
setup_map neighbors 1 3,2,5,13 2 3 3 4,13,15 4 27,15,25 5 13,6,7 6 9,7 7 9,8,24,14,19,16,13 8 24,16 9 10,11,19 10 11 11 18,19,12,17 12 17 13 14,26,15,16 14 16 15 26,25 16 26,29,24 17 18,20 18 22,19,20,23,30,21 19 21 20 23,40 21 30,24,22 22 30 23 31,30,40,41,42 24 29 25 27,26,28,29,44 26 29 27 43,37 28 29 30 31,32 31 42,33,32 32 33 33 34,42,41,35 34 35 35 41 36 38,39,47,37,45,51 37 39,43 38 47,48 39 45,43 40 41 41 42 43 44,45 44 51,45,46 45 51 46 51 47 49,52,48,51,53 48 49 49 50,53 50 53 51 54,53,52,55 52 53 53 54 54 55
setup_map wastelands 11 18 21 39 42 48
settings starting_regions 3 8 10 14 17 28 35 37 40 45 47 53
settings starting_pick_amount 6
