settings timebank 10000
settings time_per_move 500
settings max_rounds 157
settings your_bot player1
settings opponent_bot player2
setup_map super_regions 1 3 2 1 3 3 4 7 5 1 6 3 7 3 8 3 9 2 10 3 11 3 12 5 13 4 14 5
setup_map regions 1 1 2 1 3 1 4 1 5 1 6 2 7 2 8 2 9 3 10 3 11 3 12 3 13 3 14 4 15 4 16 4 17 4 18 4 19 4 20 4 21 5 22 5 23 5 24 6 25 6 26 6 27 6 28 7 29 7 30 7 31 8 32 8 33 8 34 8 35 8 36 9 37 9 38 9 39 9 40 10 41 10 42 10 43 11 44 11 45 11 46 12 47 12 48 12 49 12 50 12 51 13 52 13 53 13 54 13 55 13 56 13 57 13 58 14 59 14 60 14 61 14 62 14 63 14
setup_map neighbors 1 2,5,3,9,10 2 3 3 4,9 4 9,6,14 5 10 6 14,7 7 15,8,14 8 15,18 9 14,11,10,12 10 11,13 11 12,32,16,46 12 16,14 14 15,17,16 15 18,19,17 16 19,32,17,33 17 19 18 26,20,19 19 34,33,20 20 26,34 21 24,22 22 43,27,23,24 23 27,24 24 25,27,36,26 25 26 26 36,37 27 43,36,45,44 28 30,29,40,41 30 41,49,59 31 32 32 33,35,46 33 34,35 34 35 36 44,37 37 44,39,53 38 39 39 53 40 46,41,42 41 47,49,42 42 46,47 43 44,45,51,52 44 53,52,45,54 46 48,47,61,60,58 47 50,60,49 48 58,61 49 50,59 50 63,59,60,61 51 52,55 52 55,54 53 56,54,57 54 55,56 56 57 58 62,61 59 63 60 61 61 63
setup_map wastelands 12 36 41 53 54 58 61
settings starting_regions 3 7 9 20 23 26 28 33 37 42 43 49 55 63
settings starting_pick_amount 5
