settings timebank 10000
settings time_per_move 500
settings max_rounds 142
settings your_bot player1
settings opponent_bot player2
setup_map super_regions 1 3 2 2 3 2 4 2 5 7 6 4 7 3 8 5 9 3 10 4 11 3
setup_map regions 1 1 2 1 3 1 4 1 5 1 6 2 7 2 8 2 9 2 10 3 11 3 12 3 13 3 14 4 15 4 16 4 17 5 18 5 19 5 20 5 21 5 22 5 23 5 24 6 25 6 26 6 27 6 28 6 29 6 30 6 31 7 32 7 33 7 34 7 35 7 36 7 37 8 38 8 39 8 40 8 41 8 42 8 43 9 44 9 45 9 46 9 47 9 48 10 49 10 50 10 51 10 52 10 53 10 54 11 55 11 56 11 57 11
setup_map neighbors 1 3 2 3 3 4,5,11 4 11,24 5 11,10 6 8,7 7 8 8 38,9,39,14,37 9 38,39 10 11,12 11 12,24 12 25,13,24,21,26 13 25,26 14 16,15,38 15 38,54,16,55 16 55 17 18,22,23 18 20,50,43,23,19 19 20 20 48,51,50 21 22 22 23,29,25,44 23 44,45,43 24 26,27 25 26,29,28 26 27,28 27 30,28 28 29,30 29 44 31 32,34,49,40,35,37,33 32 40,33 33 37,40 34 36,35,48,49 35 36,40 36 42,40 37 39,40 38 39,54,56 39 41,40,56 40 42,41 41 56,42 43 45,50,46,47 44 45 45 47 46 50,52,47 48 52,49,51,53 50 52,51 51 52 52 53 54 56,55 55 57,56 56 57
setup_map wastelands 11 12 25 27 47
settings starting_regions 3 8 13 16 17 24 32 40 43 52 56
settings starting_pick_amount 5
