settings timebank 10000
settings time_per_move 500
settings max_rounds 160
settings your_bot player2
settings opponent_bot player1
setup_map super_regions 1 3 2 6 3 2 4 3 5 3 6 4 7 2 8 5 9 3 10 3 11 3 12 3 13 3 14 3
setup_map regions 1 1 2 1 3 1 4 1 5 1 6 2 7 2 8 2 9 2 10 2 11 2 12 2 13 3 14 3 15 3 16 3 17 4 18 4 19 4 20 5 21 5 22 5 23 5 24 5 25 5 26 6 27 6 28 6 29 6 30 6 31 7 32 7 33 7 34 8 35 8 36 8 37 8 38 8 39 9 40 9 41 9 42 9 43 10 44 10 45 10 46 10 47 11 48 11 49 11 50 11 51 11 52 12 53 12 54 12 55 12 56 13 57 13 58 13 59 13 60 13 61 14 62 14 63 14 64 14
setup_map neighbors 1 2 2 3,19,18,5 3 10,39,5 4 18,5,43,19,22,21,20 5 44,43,19,45,39 6 7,8,10 7 13,8,9 8 11,10,9,31 9 31,13 10 39,12,11 11 31,12 12 32,31 13 14,31,26,34 14 26,15,16 15 16 16 28,26 17 18 18 19,20 20 21 21 22 22 23,43 23 25,24,43,46 24 46,49,25 25 49 26 34,27,28 27 35,28,34,29,37 28 29 29 30,37 31 34,35,32 32 35,33,41,36 33 61,52,36,38,57,41 34 35 35 37,36 36 37,38 37 38 38 58,57 39 45,40 40 47,45,41,42 41 52,42 42 53,51,47,52 43 46,44 44 46,45,47 45 47 46 48,49,47 47 51,50,48 48 50,49 49 50 50 51,55,53 52 61,53 53 61,55,54 54 61,64,62,55 56 59,58 57 62,61,58 58 59,62,63 59 60,63 60 63 61 62 62 64,63 63 64
setup_map wastelands 7 11 13 33 51 58 61
settings starting_regions 4 9 14 19 24 28 32 38 42 43 50 55 57 62
settings starting_pick_amount 7
