settings timebank 10000
settings time_per_move 500
settings max_rounds 107
settings your_bot player1
settings opponent_bot player2
setup_map super_regions 1 3 2 4 3 2 4 5 5 5 6 3 7 1 8 5 9 3 10 4
setup_map regions 1 1 2 1 3 1 4 2 5 2 6 2 7 2 8 2 9 3 10 3 11 3 12 4 13 4 14 4 15 4 16 4 17 4 18 5 19 5 20 5 21 5 22 5 23 6 24 6 25 6 26 6 27 6 28 7 29 7 30 7 31 8 32 8 33 8 34 8 35 8 36 9 37 9 38 9 39 9 40 10 41 10 42 10 43 10
setup_map neighbors 1 2,12 2 12,3,4,5,18 3 18,19,12 4 5 5 6,18,7,21 6 7 7 8,21 8 32,31,22,21 9 13,12,15,10 10 15,11,17 11 23,17 12 14,13,16,19 13 16,17,14,15 15 17 16 20,17,28,19 17 23,30,28 18 19,21,20 19 20 20 22,21,29,28 21 22 22 31,29 23 30,25,40,24 24 26,27,40 25 30,41,40 26 27 27 40,42 28 30,29 29 31,36,30,37 30 41,37 31 33,36,32,35,39 32 33,35 33 35 34 35 35 38,39 36 38,37,39 37 41,43,38 38 39 40 42,41 41 42,43 42 43
setup_map wastelands 6 15 18 22 30
settings starting_regions 1 4 9 13 20 25 28 35 37 40
settings starting_pick_amount 5
