settings timebank 10000
settings time_per_move 500
settings max_rounds 105
settings your_bot player2
settings opponent_bot player1
setup_map super_regions 1 3 2 6 3 2 4 2 5 2 6 2 7 3 8 4 9 4 10 2
setup_map regions 1 1 2 1 3 1 4 1 5 2 6 2 7 2 8 2 9 2 10 2 11 3 12 3 13 3 14 4 15 4 16 4 17 4 18 5 19 5 20 5 21 5 22 6 23 6 24 6 25 6 26 7 27 7 28 7 29 8 30 8 31 8 32 8 33 8 34 9 35 9 36 9 37 9 38 9 39 10 40 10 41 10 42 10
setup_map neighbors 1 12,3,2,14 2 4,5,7,3,8 3 14,10,15,4 4 10,8 5 7,6,9 6 9 7 9,8 8 30,9,26,15,10 9 29,31,30 10 15 11 13,12,22 12 13,14 13 14,18,22 14 15,18 15 26,17,16,20,18 16 18,20 17 21,20,28,27,26 18 19,22,20,23 19 20,23 20 21,35,23,42,41,25 21 35,28,36 22 23,24 23 25,24 24 25 25 40,39,41 26 27,30 27 30,28 28 34,36,30 29 31 30 32,34,31,33 31 33 32 34,33 34 37,35,36 35 36,42,38,37 38 42 39 40 40 42,41 41 42
setup_map wastelands 10 11 14 21
settings starting_regions 1 8 13 17 20 22 26 30 35 42
settings starting_pick_amount 4
