settings timebank 10000
settings time_per_move 500
settings max_rounds 130
settings your_bot player1
settings opponent_bot player2
setup_map super_regions 1 2 2 2 3 5 4 4 5 4 6 3 7 6 8 3 9 3 10 4 11 3
setup_map regions 1 1 2 1 3 1 4 1 5 2 6 2 7 2 8 3 9 3 10 3 11 3 12 3 13 3 14 4 15 4 16 4 17 4 18 5 19 5 20 5 21 5 22 5 23 5 24 6 25 6 26 6 27 6 28 6 29 7 30 7 31 7 32 7 33 7 34 7 35 7 36 8 37 8 38 8 39 8 40 9 41 9 42 9 43 10 44 10 45 10 46 10 47 10 48 10 49 11 50 11 51 11 52 11
setup_map neighbors 1 3,14 2 3,4,18,19 3 14,4,15 4 19,21,15,17 5 25,6,8,7 6 8,10,12,11,7 7 25,11 8 9,10 9 10,13,12 10 12 11 25,36,26,12 12 36,37,13,38 13 38,16 14 15,16 15 41,17,40,16 16 40 17 50,42,21,49,41 18 19 19 23,21,20,22 20 22 21 49,23 22 23,29 23 34 24 25 25 26 26 36,27 27 28,36 28 36,38 29 30,34 30 33,32,34 31 32,33 32 33,43,34 34 35,44,43 36 38,37 37 38 38 39 40 41,42 41 42 42 50,51 43 46,47,45,48,44 44 48 45 47,46,48 49 50 50 51,52 51 52
setup_map wastelands 18 33 34 42
settings starting_regions 2 5 13 16 19 25 29 39 40 46 49
settings starting_pick_amount 5
