settings timebank 10000
settings time_per_move 500
settings max_rounds 145
settings your_bot player2
settings opponent_bot player1
setup_map super_regions 1 4 2 3 3 6 4 2 5 6 6 2 7 3 8 3 9 1 10 2 11 3 12 3
setup_map regions 1 1 2 1 3 1 4 1 5 1 6 2 7 2 8 2 9 2 10 2 11 3 12 3 13 3 14 3 15 3 16 3 17 4 18 4 19 4 20 4 21 5 22 5 23 5 24 5 25 5 26 5 27 5 28 6 29 6 30 6 31 6 32 7 33 7 34 7 35 7 36 8 37 8 38 8 39 8 40 9 41 9 42 9 43 10 44 10 45 10 46 10 47 10 48 11 49 11 50 11 51 11 52 11 53 11 54 12 55 12 56 12 57 12 58 12
setup_map neighbors 1 2 2 17,5,4,28,3 3 11,29,4 4 30,5,29 5 28,30 6 12,10,9,8 7 8,23,21,33,32,9 8 9 9 33,14,34,10,13,35 10 12,13 11 12,13,29 12 13 13 14,15,29 14 16,15 15 48,49,16,29 16 49 17 28,19,18 18 19 19 28,20,36 20 36,40,54 21 23,22 22 23,24,25 23 24,26,32,27 24 25,26 25 27,26 26 27 27 34,32 28 36,37,30 29 31,48,30 30 37,38,31,39 31 50,39,48 32 33,34 33 34 34 35 36 54,38,37,55 37 38 38 56,55,39 40 42,54,41 41 44,42,43 42 44,55,54,46 43 44,45 44 47,46 46 55,57,47 48 50,49 49 51,50,52 50 53,51,52 51 52 54 55 55 58,56,57 56 58,57 57 58
setup_map wastelands 2 11 14 20 38 40
settings starting_regions 1 9 13 18 24 31 32 37 42 46 51 54
settings starting_pick_amount 6
