settings timebank 10000
settings time_per_move 500
settings max_rounds 155
settings your_bot player2
settings opponent_bot player1
setup_map super_regions 1 4 2 2 3 2 4 4 5 3 6 5 7 4 8 4 9 4 10 5 11 3 12 2 13 2
setup_map regions 1 1 2 1 3 1 4 1 5 1 6 1 7 2 8 2 9 2 10 2 11 3 12 3 13 3 14 4 15 4 16 4 17 4 18 4 19 4 20 5 21 5 22 5 23 5 24 6 25 6 26 6 27 6 28 6 29 6 30 7 31 7 32 7 33 7 34 8 35 8 36 8 37 8 38 8 39 9 40 9 41 9 42 9 43 9 44 9 45 10 46 10 47 10 48 10 49 10 50 10 51 10 52 11 53 11 54 11 55 12 56 12 57 12 58 12 59 12 60 13 61 13 62 13
setup_map neighbors 1 2,3 2 7,9,3,5,4 3 4,6 4 5,14,6 5 14,9,10,15 7 9,8 8 9 9 10 10 12,15,11,13 11 13 12 13,16,15,30 13 30,39,45 14 16,15 15 16 16 18,17,19,30 17 31,18 18 19,31 19 30,32,31 20 22,23,21 21 34,22 22 34,23,52 23 47,45,52 24 35,36,25 25 26,27,37,28,35,36 26 27 27 28,29 28 56,35,37,29,55,57 30 32,39,42 31 33,32 34 35,38 35 37,36,53,38,55 38 53,52 39 40,42 40 42,41,43 42 44 43 46 45 47,48,46 46 48,60 47 49,48,52,54 48 62,60,49,50 49 50,54,51 50 62,51 51 54 52 53,54 53 55,54 54 55,59 55 56,58,59 56 57,58 58 59 60 61,62 61 62
setup_map wastelands 21 24 33 49
settings starting_regions 4 7 11 14 22 25 30 38 42 51 54 57 60
settings starting_pick_amount 5
