settings timebank 10000
settings time_per_move 500
settings max_rounds 167
settings your_bot player1
settings opponent_bot player2
setup_map super_regions 1 2 2 4 3 4 4 6 5 2 6 1 7 7 8 5 9 2 10 3 11 1 12 2 13 4 14 3 15 2
setup_map regions 1 1 2 1 3 1 4 1 5 1 6 2 7 2 8 2 9 2 10 2 11 3 12 3 13 3 14 3 15 3 16 4 17 4 18 4 19 4 20 4 21 4 22 4 23 5 24 5 25 5 26 5 27 6 28 6 29 6 30 7 31 7 32 7 33 7 34 7 35 7 36 7 37 8 38 8 39 8 40 8 41 8 42 9 43 9 44 9 45 9 46 10 47 10 48 10 49 11 50 11 51 11 52 12 53 12 54 12 55 12 56 13 57 13 58 13 59 13 60 14 61 14 62 14 63 14 64 15 65 15 66 15 67 15
setup_map neighbors 1 6,4 2 3,4 3 5,4 4 17,6,5,16 5 17,37 6 7,16,8 7 9,8,16,10 9 19,18,16,10,20 10 20,27 11 12,13 12 14,13,15 13 30,15 14 15 15 32,33,30 16 18,17 17 21,41,40,37,18 18 19,21,20,22 19 20 20 22,43,27 21 41,22,61,62 22 62 23 24,42,25,29 24 25 25 42,26,45 26 45,44 27 29,43,28 28 29 29 42,44,43 30 34,31,33 31 34,36,46 32 33 33 35,49,34 34 36,35 35 49,36,64,52,65,50 36 52,53 37 40,38 38 39,46,40 39 60,61,40,41,48,56,46 40 41 41 61 42 45,44 43 44 44 45 46 47,48 47 57,48,56 48 56 49 51,50 50 64,51 51 64 52 65,53,54 53 54 54 55,65 55 65 56 57,60,59,63 57 58,59 58 59 59 63 60 61,63 61 63,62 62 63 64 65,66 65 67,66 66 67
setup_map wastelands 21 35 42 45 47 53 54
settings starting_regions 3 9 12 22 26 27 34 39 43 46 50 52 58 63 65
settings starting_pick_amount 7
