settings timebank 10000
settings time_per_move 500
settings max_rounds 195
settings your_bot player1
settings opponent_bot player2
setup_map super_regions 1 5 2 0 3 3 4 5 5 5 6 0 7 2 8 6 9 6 10 1 11 0 12 4 13 2 14 5 15 0 16 2 17 0 18 3 19 0 20 1 21 0
setup_map regions 1 1 2 1 3 1 4 1 5 1 6 2 7 2 8 3 9 3 10 3 11 4 12 4 13 4 14 4 15 4 16 4 17 4 18 5 19 5 20 5 21 5 22 5 23 6 24 6 25 7 26 7 27 7 28 7 29 8 30 8 31 8 32 8 33 8 34 8 35 9 36 9 37 9 38 9 39 9 40 9 41 9 42 10 43 10 44 10 45 11 46 11 47 12 48 12 49 12 50 12 51 13 52 13 53 13 54 14 55 14 56 14 57 14 58 14 59 14 60 14 61 15 62 15 63 16 64 16 65 16 66 17 67 17 68 18 69 18 70 18 71 18 72 18 73 19 74 19 75 20 76 20 77 21 78 21
setup_map neighbors 1 18,3,2 2 4,6,3,23,25 3 4,5,18 4 25,5,20 5 20,19,18 6 8,23,7 7 8 8 9,10,23,15,29,11 9 11 10 29,23 11 13,12,14,16,15 13 15,17,16,35,36 15 17,29 16 35 17 45,29,36,38 18 19 19 42,21,20,22 20 42,25 21 22 22 42,47 23 24,26,29,25 24 29,30,26 25 26,42,27,44 26 27,30,28 27 28,44 28 44,32,49,68,50,43,30,34,63 29 45,30 30 31,45,32,33 31 33,45 32 34,33 33 46,54,34,73,45,56,74 34 63,73 35 36,37,39,40,38 36 38 38 46,45,40,41 39 40 40 66,55,41 41 55,46,54 42 43,47,44 43 44,47,49 45 46 46 54 47 48,51,49,61,50 48 51,61,62 49 50 50 61,69,68,70 51 52,62,61,53 52 53 53 61,69 54 56,55 55 58,57,67,66,56,74 56 74 57 74,58,77,60 58 59,67,60 61 62,69 63 64,68,74,65,73 64 65,71,72,68,70 65 74,77,72,78 66 67 68 70 69 76,70,75,71 70 71 71 72,76 72 78 73 74 74 77 75 76 77 78
setup_map wastelands 2 13 14 28 30 50 57 59 71 73
settings starting_regions 5 7 10 16 18 24 26 31 37 43 45 47 51 60 61 63 66 69 74 75 77
settings starting_pick_amount 8
