settings timebank 10000
settings time_per_move 500
settings max_rounds 177
settings your_bot player2
settings opponent_bot player1
setup_map super_regions 1 3 2 3 3 6 4 6 5 2 6 2 7 3 8 3 9 3 10 2 11 4 12 3 13 4 14 1 15 3 16 1
setup_map regions 1 1 2 1 3 1 4 1 5 1 6 2 7 2 8 2 9 3 10 3 11 3 12 3 13 3 14 3 15 4 16 4 17 4 18 4 19 4 20 4 21 4 22 5 23 5 24 5 25 6 26 6 27 6 28 6 29 6 30 7 31 7 32 7 33 8 34 8 35 8 36 8 37 8 38 8 39 9 40 9 41 9 42 9 43 9 44 10 45 10 46 10 47 11 48 11 49 11 50 11 51 12 52 12 53 12 54 12 55 12 56 12 57 13 58 13 59 13 60 13 61 13 62 14 63 14 64 14 65 15 66 15 67 15 68 15 69 16 70 16 71 16
setup_map neighbors 1 3,6,2 2 22,4,3,6,8 3 4,5 4 22,5 6 7,8 7 8 8 23,22,10 9 12,15,13,11 10 11,23 11 23,14,13,12 12 13 13 18,14,15,16 14 21,18,19 15 16 16 17,19,18 17 19 18 19 19 20,21 20 21 22 24,23 24 33,34 25 26 26 28,27,29,39 27 28 28 39,40 29 30,31,39 30 31,32 31 39,32 32 44 33 34,35,36 34 36,57 35 36,37,38 36 38,62,58,57 37 38 38 63,62 39 41,43,47,40 40 42,41 41 43,42 42 56,54,52,43 43 47,50 44 47,45,49,48,46,57 45 46 46 57 47 50,48 48 50,49,65 49 59,66,57,65 50 65 51 56,54,53,52,55 52 54 53 55 54 56 55 56,69,70 56 70 57 58,59 58 61,62,60 59 60,66 60 61,66 61 62,64 62 63,64 63 64 65 67,66 66 68,67 69 70,71 70 71
setup_map wastelands 21 22 32 41 57 63 71
settings starting_regions 3 7 9 20 24 26 30 38 40 44 49 54 61 64 68 70
settings starting_pick_amount 6
