settings timebank 10000
settings time_per_move 500
settings max_rounds 182
settings your_bot player1
settings opponent_bot player2
setup_map super_regions 1 4 2 3 3 4 4 2 5 5 6 3 7 4 8 1 9 6 10 5 11 2 12 3 13 6 14 5 15 4
setup_map regions 1 1 2 1 3 1 4 1 5 2 6 2 7 2 8 2 9 2 10 3 11 3 12 3 13 3 14 3 15 4 16 4 17 4 18 4 19 5 20 5 21 5 22 5 23 5 24 6 25 6 26 6 27 6 28 6 29 7 30 7 31 7 32 7 33 8 34 8 35 8 36 9 37 9 38 9 39 9 40 9 41 9 42 9 43 10 44 10 45 10 46 10 47 10 48 10 49 11 50 11 51 11 52 11 53 12 54 12 55 12 56 12 57 13 58 13 59 13 60 13 61 13 62 13 63 14 64 14 65 14 66 14 67 14 68 15 69 15 70 15 71 15 72 15 73 15
setup_map neighbors 1 3,2,4 2 5,4 3 24,4 4 5,9,24,29,25,8 5 6,8,9 6 8,7,15 8 15,17,29,31,30,9 10 12,11 11 12,16 12 14,16,13,37 14 38,36,16,18,17,37 15 17,16 16 17 17 18,31,34,33 18 34,36 19 21 20 43,21,22 21 23,22,47 22 47,46,44,43 23 47,68,26 24 25 25 27,30,29 26 28,27,30,32,69 27 30 29 30 30 32,49,31,50 31 34,49,33,35,55,53 32 51,50 33 34 34 35,36,53 35 53 36 38,53 37 39,38 38 53,40,39 39 40,41,42 40 53,41 41 53,56,66,63 43 44,45,46 44 46 45 57,48,46 46 57,47 47 68,59,58,57 48 57,60 49 50 50 51 51 54,63,52 52 63,64 53 56,55,63 54 55,63 55 63 56 63 57 61,60,58,59 58 59 59 68,70,61 60 61,62 61 62,70 62 70 63 64,65,66,67 64 65 65 67 66 67 68 70,69,71 69 71 70 72,71 71 73,72 72 73
setup_map wastelands 2 15 19 51 62 71
settings starting_regions 4 5 14 18 23 24 29 33 39 46 52 54 58 67 68
settings starting_pick_amount 7
