settings timebank 10000
settings time_per_move 500
settings max_rounds 160
settings your_bot player2
settings opponent_bot player1
setup_map super_regions 1 6 2 5 3 4 4 5 5 4 6 2 7 3 8 1 9 5 10 5 11 3 12 3 13 3
setup_map regions 1 1 2 1 3 1 4 1 5 1 6 1 7 1 8 2 9 2 10 2 11 2 12 2 13 2 14 3 15 3 16 3 17 3 18 3 19 3 20 4 21 4 22 4 23 4 24 4 25 4 26 5 27 5 28 5 29 5 30 6 31 6 32 6 33 7 34 7 35 7 36 7 37 8 38 8 39 8 40 9 41 9 42 9 43 9 44 9 45 9 46 10 47 10 48 10 49 10 50 10 51 10 52 11 53 11 54 11 55 11 56 11 57 12 58 12 59 12 60 12 61 13 62 13 63 13 64 13
setup_map neighbors 1 3,2 2 3,5,4,8,7,6 3 7,6 4 8,7,20,5 5 7 6 7 7 20,21,23 8 20,9,11,13,12 9 11,10,14,12 10 14,19,12,17 11 12 12 13,19 13 22,20 14 16,17,15 15 16 16 17,18 17 19,18 20 22,21 21 22,25,24 22 33 23 24 24 25 25 33,34,37 26 28,27 27 46,28 28 29,46 29 50,47,49,46 30 31,57,32,37 31 37 32 57,39,37,38 33 41,35,40,34,42 34 42,36,37,38 35 40,46 36 42,38,43 37 38 38 39,43,44 39 44,58,57 40 61,41,45,42 41 42 42 43 43 44 44 58,60 45 61,63 46 47,48,54 47 50,48 48 51,50 49 50 50 51 52 61,53,62 53 55,62 54 55,56 55 64,56,62,63 56 64 57 58,59 58 60,59 59 60 61 63,62 62 63 63 64
setup_map wastelands 10 17 21 27 46 55
settings starting_regions 3 8 18 24 26 32 33 39 44 47 53 57 62
settings starting_pick_amount 6
