settings timebank 10000
settings time_per_move 500
settings max_rounds 137
settings your_bot player1
settings opponent_bot player2
setup_map super_regions 1 4 2 4 3 5 4 4 5 5 6 1 7 2 8 2 9 5 10 5 11 4
setup_map regions 1 1 2 1 3 1 4 1 5 1 6 2 7 2 8 2 9 2 10 3 11 3 12 3 13 3 14 3 15 3 16 4 17 4 18 4 19 4 20 4 21 4 22 4 23 5 24 5 25 5 26 5 27 5 28 5 29 6 30 6 31 6 32 6 33 7 34 7 35 7 36 7 37 8 38 8 39 8 40 8 41 9 42 9 43 9 44 9 45 9 46 9 47 10 48 10 49 10 50 10 51 10 52 11 53 11 54 11 55 11
setup_map neighbors 1 3,6,2,4,8,7 2 18,4,3 3 8,5,23,4,9,18 5 24,23,9,8,15,13,12 6 7 7 8,10 8 9,13,10 10 11,13 11 12,13 12 13,14,15 16 17 17 19,18 18 23,21,20,19,25 19 20,22 20 21,22,33 21 25,27 22 33 23 24,26,25 24 26 25 26,27 26 28,27,37,30 27 28 28 48,49 29 30 30 32,41,31,37 31 32,41 32 41 33 34,47 34 35,52,47,36 35 36 36 52,55 37 38,41,40 38 41,39,40 39 44,41 41 43,44,42 42 45,44,43 43 44 44 46,45 45 46 47 51,52,49 48 49 49 54,50,52,51 51 52 52 55,53,54 53 54
setup_map wastelands 19 20 28 30 50
settings starting_regions 3 6 11 17 23 31 35 38 46 51 53
settings starting_pick_amount 4
