settings timebank 10000
settings time_per_move 500
settings max_rounds 210
settings your_bot player2
settings opponent_bot player1
setup_map super_regions 1 3 2 5 3 1 4 2 5 4 6 5 7 2 8 4 9 3 10 2 11 1 12 6 13 3 14 0 15 1 16 4 17 3 18 2 19 2 20 0 21 2
setup_map regions 1 1 2 1 3 1 4 1 5 2 6 2 7 2 8 2 9 2 10 2 11 3 12 3 13 3 14 4 15 4 16 4 17 4 18 5 19 5 20 5 21 5 22 6 23 6 24 6 25 6 26 6 27 6 28 7 29 7 30 7 31 7 32 8 33 8 34 8 35 8 36 8 37 8 38 9 39 9 40 9 41 9 42 10 43 10 44 10 45 11 46 11 47 11 48 12 49 12 50 12 51 12 52 12 53 12 54 12 55 13 56 13 57 13 58 13 59 13 60 14 61 14 62 15 63 15 64 15 65 16 66 16 67 16 68 16 69 16 70 17 71 17 72 17 73 18 74 18 75 18 76 19 77 19 78 19 79 20 80 20 81 21 82 21 83 21 84 21
setup_map neighbors 1 3,2,5 2 3,4,33,32 3 5,4 4 33,5,8 5 8,6 6 7,11,8 7 9,11,10,8 8 24,9,42,33 9 10,24 10 24,13,23,26,25,22,11 11 13,12 12 13 13 14,22,23 14 17,22,15,16 15 16 16 28,18,17 17 28,22,30 18 20,29,28,21 19 20,21 20 21 21 29,31 22 26,30,48,27,23 24 43,45,25,46,42,47 25 26,27,46 26 27 27 48,46,63 28 31,29,30 29 31 30 31,48 31 49,48,50 32 33,36,42,35 33 42 34 38,35 35 36,38 36 42,44,37,38,60,40,55 37 38 38 40,39 39 40 40 61,41,60 41 61,80 42 45,44,43 43 45 44 55,45,56,65 45 47,65 46 63,62,47 47 62,65 48 49,63,70,52 49 73,51,50,52 50 73 51 73,53,52 52 53,70,71,72,54 53 54,73 54 72 55 57,61,60,56 56 65,57,76 57 58,79,61,76 58 59,79,76,78 59 78,79 60 61 61 80,79 62 66,65,63,70,64 63 70 64 70,66,67,68 65 76,66,81,77 66 82,81,67 67 68,84,82 68 69,84,71,72,70 70 71 71 72 73 74,75 76 77,78 77 81,78,83 78 83 79 80 81 82,83 82 84,83 83 84
setup_map wastelands 9 10 20 25 34 38 44 48 69 74
settings starting_regions 1 7 13 17 18 23 29 33 41 42 46 49 58 60 62 65 70 75 77 79 83
settings starting_pick_amount 8
