settings timebank 10000
settings time_per_move 500
settings max_rounds 107
settings your_bot player1
settings opponent_bot player2
setup_map super_regions 1 3 2 3 3 2 4 5 5 3 6 3 7 2 8 4 9 3 10 4
setup_map regions 1 1 2 1 3 1 4 1 5 1 6 2 7 2 8 2 9 2 10 3 11 3 12 3 13 4 14 4 15 4 16 4 17 4 18 5 19 5 20 5 21 5 22 6 23 6 24 6 25 6 26 7 27 7 28 7 29 7 30 8 31 8 32 8 33 8 34 8 35 9 36 9 37 9 38 9 39 10 40 10 41 10 42 10 43 10
setup_map neighbors 1 2,6,4,3 2 6 3 5,4 4 22,8,5,6 5 22 6 7,13,8,9 7 13 8 9,22,26,13 9 13 10 12,13 11 12 12 18,14,13 13 14,27,26,15 14 15,18 15 18,27,16,21,40 16 21,17,40 17 21,40 18 19,20,21 19 20 20 21 22 26,28,24,31,23 23 30,25,24 24 25,31,33,32 25 32,30 26 27,29,28 27 39,28,29,40,35 28 33,29,31,35 30 32,34 31 33 32 33 33 36,35 35 39,41,36 36 37,42,41,38 37 38 38 41,42 39 40,41 40 41,43 41 42,43
setup_map wastelands 4 6 17 31 33
settings starting_regions 5 7 12 14 21 24 26 34 38 41
settings starting_pick_amount 5
