settings timebank 10000
settings time_per_move 500
settings max_rounds 170
settings your_bot player2
settings opponent_bot player1
setup_map super_regions 1 2 2 4 3 6 4 3 5 7 6 4 7 4 8 5 9 4 10 3 11 2 12 5 13 2 14 1 15 2
setup_map regions 1 1 2 1 3 1 4 2 5 2 6 2 7 2 8 3 9 3 10 3 11 3 12 3 13 3 14 4 15 4 16 4 17 4 18 5 19 5 20 5 21 5 22 5 23 5 24 5 25 6 26 6 27 6 28 6 29 6 30 7 31 7 32 7 33 7 34 8 35 8 36 8 37 8 38 8 39 9 40 9 41 9 42 9 43 9 44 10 45 10 46 10 47 11 48 11 49 11 50 11 51 12 52 12 53 12 54 12 55 12 56 12 57 13 58 13 59 13 60 13 61 13 62 14 63 14 64 14 65 15 66 15 67 15 68 15
setup_map neighbors 1 2,3 2 30,31,3,4 4 30,5 5 8,11,6,30,32,13 6 13,47,7,32,31 7 31,58,47,48 8 9,13,11,12 9 12,10,15 10 14,15 11 13 12 16,39,13 13 47,39,40 14 18,15,19,16 15 16 16 17,39,43,19,41,23,24 17 51,43,24 18 19 19 22,20,21,23 20 21 21 23,22,25 22 23 23 28,24,44,25 24 44,51 25 26,28,29,35 26 35,27 27 34,35 28 29,44 29 36,44,35,45 30 31,32 31 32,33 34 37,38,35,36 35 37,36 36 37,45,38 39 40,41 40 48,47,42,62 41 43,42 42 43,62 44 45,51 45 46,53,51 46 65,53 47 48 48 49,62,58 49 62,63,50,60,58 50 60,63 51 54,52,53,55 52 55 53 56,54,65 54 56,55 55 56,66 56 67,66,65 57 58,61,59,60 58 60 62 63 63 64 65 68,67 66 67 67 68
setup_map wastelands 1 41 52 54 57 67
settings starting_regions 3 4 10 16 23 27 32 37 40 44 47 55 60 64 66
settings starting_pick_amount 6
