settings timebank 10000
settings time_per_move 500
settings max_rounds 137
settings your_bot player2
settings opponent_bot player1
setup_map super_regions 1 3 2 2 3 3 4 4 5 4 6 3 7 2 8 4 9 3 10 4 11 2 12 3 13 1
setup_map regions 1 1 2 1 3 1 4 1 5 2 6 2 7 2 8 3 9 3 10 3 11 3 12 4 13 4 14 4 15 4 16 5 17 5 18 5 19 5 20 5 21 6 22 6 23 6 24 6 25 6 26 7 27 7 28 7 29 8 30 8 31 8 32 8 33 8 34 8 35 9 36 9 37 9 38 9 39 10 40 10 41 10 42 10 43 10 44 10 45 11 46 11 47 11 48 11 49 12 50 12 51 12 52 12 53 13 54 13 55 13
setup_map neighbors 1 2,8,4 2 3,9,8 3 9,5 4 8,10 5 6,7,9 6 16,13,7 7 13,12,9,10 8 10,9 9 10 10 21,12,11 12 13,14,22,21 13 14,16,17 14 15,22,17,18 15 45,22,23,25,19,46,18 16 17,18 17 18 18 19,26,28,27 19 20,46,35,28 20 46,48,37,49,50,35 21 22 22 23 23 24,25 24 25 26 27 27 28,32,36,35 28 35 29 31,39,34,33,30 30 39 31 32,33 32 33,36 33 40,38,34,36 34 40,39 35 36,37 36 38,37 37 49,38,53 38 40,53 39 40,41 40 42,41,53 41 42 42 44,43,55,53 43 44 45 46,47 46 47,48 47 48,51 48 50,51 49 53,50,54,52 50 51,52 53 54,55 54 55
setup_map wastelands 8 9 19 35 43 51
settings starting_regions 3 7 10 12 20 21 28 34 38 44 46 49 54
settings starting_pick_amount 5
