settings timebank 10000
settings time_per_move 500
settings max_rounds 155
settings your_bot player1
settings opponent_bot player2
setup_map super_regions 1 3 2 5 3 5 4 4 5 7 6 3 7 4 8 2 9 3 10 2 11 4 12 2 13 3
setup_map regions 1 1 2 1 3 1 4 1 5 1 6 2 7 2 8 2 9 2 10 2 11 2 12 3 13 3 14 3 15 3 16 3 17 3 18 4 19 4 20 4 21 4 22 5 23 5 24 5 25 5 26 5 27 5 28 5 29 6 30 6 31 6 32 6 33 7 34 7 35 7 36 7 37 8 38 8 39 8 40 8 41 9 42 9 43 9 44 9 45 10 46 10 47 10 48 10 49 11 50 11 51 11 52 11 53 11 54 12 55 12 56 12 57 13 58 13 59 13 60 13 61 13 62 13
setup_map neighbors 1 4,3,2 2 6,10,4,22,24 3 5,4,18,19 4 24,23,18 5 18,19 6 7,10 7 9,8,10 8 9,12 9 15,30,29,16,13,10,11,12 10 22,11 11 29,22 12 13,15,14 13 16,14,15 14 17,16 16 33,31,30,17 17 33 18 23,19,20 19 20,21 20 23,21 21 45,23,27 22 25,23,24,29,32,41 23 26,24,25,27 25 26,41,28,42 26 42,27 27 42,45 28 42,41 29 30,31,32 30 31 31 34,32,33 32 41,39,38,34 33 37,34,35 34 37,38 35 36,37 36 40,37 37 40,38 38 39,40 39 49,43,41,40 40 50,49 41 43,42 42 46,43,45 43 44,46,51,54,49 44 54,46 45 46,47 46 48,47,55,54 47 48 48 55,56 49 50,52,51 50 53,52 51 59,58,52,57,54 52 60,59,53 53 60 54 57,56,55 56 57 57 61,59,58 58 59 59 61,62,60 60 62
setup_map wastelands 10 18 20 49 51
settings starting_regions 3 11 17 19 27 30 33 37 42 48 53 55 57
settings starting_pick_amount 4
