settings timebank 10000
settings time_per_move 500
settings max_rounds 120
settings your_bot player2
settings opponent_bot player1
setup_map super_regions 1 5 2 3 3 1 4 2 5 5 6 3 7 4 8 3 9 4 10 3 11 5
setup_map regions 1 1 2 1 3 1 4 1 5 1 6 1 7 2 8 2 9 2 10 2 11 3 12 3 13 3 14 4 15 4 16 4 17 4 18 5 19 5 20 5 21 5 22 5 23 6 24 6 25 6 26 7 27 7 28 7 29 7 30 8 31 8 32 8 33 8 34 9 35 9 36 9 37 9 38 9 39 10 40 10 41 10 42 10 43 11 44 11 45 11 46 11 47 11 48 11
setup_map neighbors 1 5,2,3 2 3,4,6 3 6,5,18 4 6 5 14,18 6 19,18,20 7 8 8 12,32,31,9,10 10 25,13,12,24,23,32 11 12 12 13 13 23 14 21,19,26,22,15,18 15 16,17,26,22,39 16 28,45,40,17,44,29,26 17 40,39 18 19 19 20,21,22 21 22 22 39 23 24,28 24 25 25 32,33 26 28 27 28 28 29 29 44,43 30 34,31 31 34,32 32 33,36,34 33 36,38,37 34 36,37,35 36 37 37 38 39 40,41 40 45,42,47,41 41 42 42 47 43 48,44 44 45,46,48 45 47,46 46 47,48
setup_map wastelands 14 17 41 42 47
settings starting_regions 5 10 12 15 20 23 26 32 34 39 43
settings starting_pick_amount 4
