settings timebank 10000
settings time_per_move 500
settings max_rounds 167
settings your_bot player1
settings opponent_bot player2
setup_map super_regions 1 2 2 4 3 4 4 2 5 7 6 4 7 4 8 5 9 3 10 3 11 3 12 7 13 2 14 3
setup_map regions 1 1 2 1 3 1 4 1 5 1 6 2 7 2 8 2 9 2 10 2 11 2 12 3 13 3 14 3 15 3 16 3 17 3 18 4 19 4 20 4 21 5 22 5 23 5 24 5 25 5 26 5 27 5 28 6 29 6 30 6 31 6 32 7 33 7 34 7 35 7 36 7 37 8 38 8 39 8 40 8 41 8 42 9 43 9 44 9 45 10 46 10 47 10 48 10 49 10 50 11 51 11 52 11 53 12 54 12 55 12 56 12 57 12 58 12 59 12 60 13 61 13 62 13 63 13 64 13 65 14 66 14 67 14
setup_map neighbors 1 4,3,2 2 7,4,6,3 3 4 4 7,5 5 7,8 6 7,13,12 7 13,8,9,10 8 9,10,11 9 17,42,10,11,13 11 42,50 12 15,14,13,16 13 17,14,16 14 32,16,15,17,36,35 15 32,18 17 35,42 18 32,19,20,21 19 21 20 21,24,33,32 21 22,28,24,30 22 30,24 23 25,32,34,24,27,35,36 24 45,26,30,25,33,34 25 27,51,35,26,53 26 45,53,46,47,49 27 35 28 29,38,30 29 30,31,38 30 31,45 31 39,45,38 32 34,36,33 33 34 35 42,36,43,51,44 37 38 38 40,39 39 48,41,40,45,47 40 41 42 43,50 43 44,50 44 51,52,50 45 47,46 46 47 47 48,56,49,60 48 60 49 53,54,56 50 52,65 51 53,52,66,65 52 65 53 54,66 54 56,55,66 55 57,58,66,56 56 60,62,57,59 57 59 58 66,67 59 62 60 63,62,61 61 64,62 62 64,63 65 67,66 66 67
setup_map wastelands 3 13 21 38 56 61 64
settings starting_regions 5 9 15 19 22 29 36 37 44 45 50 58 62 67
settings starting_pick_amount 6
