settings timebank 10000
settings time_per_move 500
settings max_rounds 202
settings your_bot player2
settings opponent_bot player1
setup_map super_regions 1 3 2 0 3 4 4 3 5 2 6 4 7 0 8 3 9 3 10 4 11 0 12 1 13 7 14 4 15 1 16 4 17 2 18 3 19 1 20 4 21 2 22 0
setup_map regions 1 1 2 1 3 1 4 1 5 2 6 2 7 3 8 3 9 3 10 3 11 4 12 4 13 4 14 4 15 5 16 5 17 5 18 5 19 6 20 6 21 6 22 6 23 6 24 7 25 7 26 8 27 8 28 8 29 9 30 9 31 9 32 9 33 9 34 10 35 10 36 10 37 10 38 10 39 10 40 11 41 11 42 12 43 12 44 12 45 13 46 13 47 13 48 13 49 13 50 13 51 13 52 14 53 14 54 14 55 14 56 15 57 15 58 16 59 16 60 16 61 16 62 17 63 17 64 17 65 18 66 18 67 18 68 18 69 18 70 19 71 19 72 19 73 20 74 20 75 20 76 20 77 21 78 21 79 21 80 22 81 22
setup_map neighbors 1 3,4,2 2 6,5,4,3 3 4 4 6,13,12,11 5 7,15,6 6 15,34,13 7 29,16,8,10,24,15 8 9,10 9 10,26,27 10 40,24,28,27 11 12,36,20,19,14,23 12 13,36 13 36,34,37 14 36,56,23,59 15 16,17,18,31,30,34 16 29,31 17 18 18 30,32,31 19 21,20 20 21,23 21 22,23 23 56 24 29,25,40,31 25 31,41,40 26 27 27 42,28,45,43 28 41,45,40 29 31 30 32,38,35,34 31 52,33,32,41 32 33,38 33 52,38,66 34 37,35 35 38,37 36 37,39,59 37 39,38,62 38 65,66,62 39 63,59,62 40 41 41 45,47,54,53,52 42 43 43 44,46,45 44 70,46 45 48,46,47 46 48,71,70 47 54,48 48 49,71,54 49 54,55,50,51,71 50 69,68,55,51 51 71 52 53,66,55,54 54 55 55 66,68,67 56 58,57,59 57 58,61 58 59,60,61 59 77,61,60,64,78,63 60 61 61 77,79 62 65,63 63 64,65 64 74,65,78 65 74,73,66 66 67,73 67 68,69,76,73 68 69 70 72,71 71 72 73 81,80,74,76 74 80,75 75 80 76 81,80 77 78,79 80 81
setup_map wastelands 2 9 17 25 27 50 53 56 58 81
settings starting_regions 4 6 10 12 16 21 24 28 30 35 41 43 47 55 57 61 63 67 71 73 77 80
settings starting_pick_amount 7
