settings timebank 10000
settings time_per_move 500
settings max_rounds 132
settings your_bot player1
settings opponent_bot player2
setup_map super_regions 1 5 2 2 3 4 4 2 5 1 6 3 7 3 8 6 9 4 10 3 11 4
setup_map regions 1 1 2 1 3 1 4 1 5 1 6 1 7 1 8 2 9 2 10 2 11 2 12 3 13 3 14 3 15 3 16 3 17 3 18 4 19 4 20 4 21 4 22 5 23 5 24 5 25 5 26 6 27 6 28 6 29 6 30 6 31 7 32 7 33 7 34 7 35 7 36 8 37 8 38 8 39 8 40 8 41 8 42 9 43 9 44 9 45 9 46 10 47 10 48 10 49 10 50 11 51 11 52 11 53 11
setup_map neighbors 1 2,4 2 3,5,6,4 3 8,9,10,5 4 5,6 5 7,6,10 7 9,11,10 8 9,12 9 11,12,10 12 18,13,19 13 15,19,20,14 14 16,21,15,17,20 15 17 16 21,17 18 20,19,23 19 20 20 23,25,21 21 25,30 22 23 23 24,25 25 28 26 27,33,28 27 33,28,29,30 29 30 30 39,33,40 31 33,32 32 34,35,36,33 33 37,39,36 34 35,38 35 38,36 36 38,37,39 37 39 38 39,41 39 41,40 40 43,41,42 42 44,43 43 50,44 44 47,45,46,50 45 53,52,47,50,48 46 48,47 47 48 48 49,53 49 53 50 51,52 51 52,53 52 53
setup_map wastelands 6 21 34 37 50
settings starting_regions 5 9 15 20 24 28 35 36 44 46 53
settings starting_pick_amount 5
