settings timebank 10000
settings time_per_move 500
settings max_rounds 132
settings your_bot player2
settings opponent_bot player1
setup_map super_regions 1 3 2 3 3 3 4 6 5 1 6 2 7 6 8 4 9 7 10 5
setup_map regions 1 1 2 1 3 1 4 1 5 2 6 2 7 2 8 2 9 3 10 3 11 3 12 3 13 4 14 4 15 4 16 4 17 4 18 4 19 5 20 5 21 5 22 6 23 6 24 6 25 6 26 6 27 7 28 7 29 7 30 7 31 7 32 7 33 7 34 7 35 7 36 8 37 8 38 8 39 8 40 9 41 9 42 9 43 9 44 9 45 9 46 9 47 10 48 10 49 10 50 10 51 10 52 10 53 10
setup_map neighbors 1 3,2 2 3,5 3 4,40,5 4 40,42 5 6,7,40 6 8,7 7 8,41,40 8 41,22 9 22,10 10 24,12,22,11,27,29 11 27 12 27,29 13 14,15 14 19,16,15,20 15 16,28,27 16 17,20,37,28 17 28,32,18,37 19 20 20 21,36,37,38 21 38 22 23,25,24,26 24 26,29 25 43 26 29,34 27 29,28,30 28 30,32,31 29 33,30,31,34 30 31 31 32,33,35 36 37 37 38,39 38 39 40 41,42,43 41 43 42 47,44,43 43 47,48 44 47,45,46 45 47,50,46 46 53,50 47 50,48,52,49 48 49 49 51,52 50 52,53 51 52 52 53
setup_map wastelands 21 27 36 41 51
settings starting_regions 4 5 12 18 19 22 31 39 45 52
settings starting_pick_amount 5
