settings timebank 10000
settings time_per_move 500
settings max_rounds 170
settings your_bot player1
settings opponent_bot player2
setup_map super_regions 1 3 2 4 3 2 4 5 5 4 6 3 7 6 8 2 9 2 10 4 11 4 12 4 13 3 14 4
setup_map regions 1 1 2 1 3 1 4 1 5 1 6 2 7 2 8 2 9 2 10 2 11 2 12 3 13 3 14 3 15 4 16 4 17 4 18 4 19 4 20 5 21 5 22 5 23 5 24 5 25 6 26 6 27 6 28 6 29 7 30 7 31 7 32 7 33 7 34 7 35 7 36 8 37 8 38 8 39 8 40 9 41 9 42 9 43 9 44 10 45 10 46 10 47 10 48 10 49 11 50 11 51 11 52 11 53 11 54 11 55 12 56 12 57 12 58 12 59 13 60 13 61 13 62 13 63 13 64 14 65 14 66 14 67 14 68 14
setup_map neighbors 1 3,2,5,4 2 10,8,5,31 3 5,4 4 32,33,5,30,29 5 33,30,31 6 7,8 7 9,12,8 8 9,10 9 25,11,12,10 10 34,11,40,31 11 40,25 12 13,26,25,14 13 14 14 36,26 15 19,17,20,16,18,21 16 18 17 19,18 18 45,19,44 19 44,23,21 20 22,21 21 22,24,23,29 22 29 23 44,24 24 44 25 26,27 26 28,37,27 27 37 28 36,37,38 29 32,49 30 33 31 34,35,33 32 33,35,50,49 33 35 34 35 35 59,50 36 38 37 38,39,40 38 42,43,39 39 42,41,40 40 41 41 64,65,42 42 43,64,66 43 66 44 46,45,48,47 45 46 46 47 47 48 49 50,55,51,52,53 50 51,59 51 63,60,53,58,57,54,59 52 53,55 53 57,56,55 54 63 55 56 56 57 57 58 59 60,62 60 62,63 61 62 62 63 64 67,65,66 66 67 67 68
setup_map wastelands 1 15 25 29 32 37 53
settings starting_regions 5 7 12 16 22 26 34 36 43 48 50 57 59 65
settings starting_pick_amount 6
