settings timebank 10000
settings time_per_move 500
settings max_rounds 202
settings your_bot player1
settings opponent_bot player2
setup_map super_regions 1 6 2 1 3 3 4 6 5 3 6 2 7 6 8 2 9 4 10 1 11 3 12 1 13 4 14 3 15 2 16 4 17 0 18 3 19 2 20 4
setup_map regions 1 1 2 1 3 1 4 1 5 1 6 1 7 2 8 2 9 3 10 3 11 3 12 3 13 3 14 4 15 4 16 4 17 4 18 4 19 4 20 4 21 5 22 5 23 5 24 6 25 6 26 6 27 6 28 6 29 7 30 7 31 7 32 7 33 7 34 7 35 7 36 8 37 8 38 8 39 8 40 9 41 9 42 9 43 9 44 10 45 10 46 11 47 11 48 11 49 12 50 12 51 12 52 13 53 13 54 13 55 13 56 14 57 14 58 14 59 14 60 15 61 15 62 15 63 15 64 16 65 16 66 16 67 16 68 17 69 17 70 18 71 18 72 18 73 18 74 19 75 19 76 19 77 19 78 20 79 20 80 20 81 20
setup_map neighbors 1 2,3,29,30 2 3,7 3 4,5,30,7,8 4 8,11,6,5 5 6,40,30 6 11,40,13,49 7 8 8 9,11 9 10,11 10 14,12,11 11 12,13 12 15,13,16,14 13 19,17,16,18,49 14 21,15 15 21,16,17 16 17 17 18,37,20,36,21,19,23 18 19 19 51,20,53,49 20 38,37,52,53 21 23,22 22 26,24,23 23 27,36,26,44,37 24 27,28,26,25 26 27 27 44,28 28 47 29 32,31,30,35 30 41,35,42,40 31 34,32,33 32 35,34 33 34 34 35,64 35 42,64 36 37 37 39,38,56,52,44 39 44,57,56,45 40 50,43,41,49 41 42,43 42 43,78,67,64,50,79 43 50 44 45 45 57,47,60,58,46,61 46 48,47,61 48 62,61 49 51,50 50 69,78,51,68 51 53,68 52 56,53 53 70,54,55,68,56 54 56,59,55,58 55 59,70 56 57,58 57 58 58 74,75,59,60 59 75,73,77,71,70 60 61,63,74,76 61 62,63 62 63 64 66,67,65 67 79,80 68 70,69 69 78,70 70 71,72,81,78,79 71 73,72,77,81 74 76,75 75 77 78 79 79 81,80
setup_map wastelands 16 20 28 32 36 37 39 72 75 81
settings starting_regions 2 7 10 18 22 27 31 38 41 44 46 50 53 58 60 64 69 70 76 78
settings starting_pick_amount 8
