settings timebank 10000
settings time_per_move 500
settings max_rounds 152
settings your_bot player2
settings opponent_bot player1
setup_map super_regions 1 3 2 3 3 3 4 3 5 5 6 5 7 3 8 4 9 5 10 2 11 3 12 6 13 1
setup_map regions 1 1 2 1 3 1 4 1 5 1 6 2 7 2 8 2 9 3 10 3 11 3 12 3 13 4 14 4 15 4 16 4 17 5 18 5 19 5 20 5 21 5 22 6 23 6 24 6 25 6 26 6 27 6 28 7 29 7 30 7 31 7 32 8 33 8 34 8 35 8 36 8 37 8 38 9 39 9 40 9 41 9 42 9 43 9 44 10 45 10 46 10 47 10 48 11 49 11 50 11 51 11 52 11 53 12 54 12 55 12 56 12 57 12 58 12 59 13 60 13 61 13
setup_map neighbors 1 4,18,2 2 3,4 3 5,17,4 4 17,18 5 22,17,19,23 6 7,28 7 14,13,8 8 9,13,11 9 11,10,12 11 12,15,13 12 15,16,35 13 14,15,29 14 29 15 29,16 16 29,31,35 17 18,19 18 20,19,45 19 20,23 20 21,23 21 53,47,23 22 25,24,28,23 23 24,25,26,27 24 25 25 26,28,30 26 27 28 30 29 30,31 32 33 33 36,35,39,34 34 35 35 37,36,49,50 36 48,39,37,50 38 39,40 39 40,41,48 40 41 41 42,43,48 42 43 43 48 44 45,46 45 47,46 46 53,47 47 53 48 52,50,51 49 50,51 50 51 51 52 53 59,54,60,55 54 55,56,60 55 56 56 58,60,57,61 58 61 59 61,60 60 61
setup_map wastelands 16 19 25 34 46 54
settings starting_regions 3 6 11 15 20 26 28 36 40 44 52 53 61
settings starting_pick_amount 6
