settings timebank 10000
settings time_per_move 500
settings max_rounds 107
settings your_bot player1
settings opponent_bot player2
setup_map super_regions 1 3 2 6 3 6 4 5 5 5 6 3 7 6 8 3
setup_map regions 1 1 2 1 3 1 4 1 5 1 6 2 7 2 8 2 9 2 10 2 11 2 12 3 13 3 14 3 15 3 16 3 17 3 18 4 19 4 20 4 21 4 22 4 23 5 24 5 25 5 26 5 27 5 28 6 29 6 30 6 31 6 32 7 33 7 34 7 35 7 36 7 37 7 38 7 39 8 40 8 41 8 42 8 43 8
setup_map neighbors 1 4,2 2 6,4,3,5,7 3 6 4 18,19,5,7 5 7 6 8,10,7 7 11,9,21,19,10,25,24,23 8 13,23,10 9 19 10 23 11 24,25 12 15,13 13 14,23,27,26,16,15 14 26,23 15 17,16 16 17,40,39,27 18 19,20,22 19 20,21 20 22,28,25,21 21 25 23 24,26 24 25,26 25 32,26,35,34,33,28 26 27,39,33 27 39 28 31,29,30,34 29 31,37,34,30 32 35,33 33 39,36,35 34 35,37 35 37,36 36 41,37,39,38 37 38 39 40,41,42 40 42,43 42 43
setup_map wastelands 11 36 38 41
settings starting_regions 5 7 17 19 25 30 33 39
settings starting_pick_amount 4
