settings timebank 10000
settings time_per_move 500
settings max_rounds 132
settings your_bot player1
settings opponent_bot player2
setup_map super_regions 1 3 2 2 3 4 4 3 5 4 6 2 7 4 8 4 9 3 10 6 11 6
setup_map regions 1 1 2 1 3 1 4 1 5 2 6 2 7 2 8 2 9 3 10 3 11 3 12 3 13 3 14 3 15 4 16 4 17 4 18 4 19 5 20 5 21 5 22 5 23 6 24 6 25 6 26 6 27 7 28 7 29 7 30 7 31 7 32 8 33 8 34 8 35 8 36 9 37 9 38 9 39 9 40 9 41 10 42 10 43 10 44 10 45 10 46 10 47 10 48 11 49 11 50 11 51 11 52 11 53 11
setup_map neighbors 1 9,10,4,2 2 5,3,9 3 5,17,12,15,9 4 10 5 6,15 6 15,8,7 8 16,15 9 10,12 10 11,13,12 12 13,17,15,14,18 15 18,16,17,21 16 20,21 18 21 19 23,20 20 22,21,23,25 21 32,22 22 32,25 23 25,28,27 24 28,29,25 25 26,29,31,48,28,32 26 34,32,35,48 27 28 28 29,30,31 29 31 30 31 31 49,48 32 33,37,34 33 37,34,38,39,52,51,35,48 34 35 35 48 36 37,42,43 37 43,38,39 38 39,51,53,40,43 40 43,42,47 41 42,44 42 47,44,43 44 46,45,47 46 47 48 49,50,52 49 50 50 53,52 51 52,53 52 53
setup_map wastelands 23 36 38 42 51
settings starting_regions 4 5 14 15 22 25 31 32 39 44 53
settings starting_pick_amount 5
