settings timebank 10000
settings time_per_move 500
settings max_rounds 175
settings your_bot player1
settings opponent_bot player2
setup_map super_regions 1 4 2 6 3 2 4 5 5 1 6 4 7 5 8 1 9 3 10 3 11 4 12 2 13 6 14 2 15 5
setup_map regions 1 1 2 1 3 1 4 1 5 1 6 1 7 2 8 2 9 2 10 2 11 2 12 2 13 3 14 3 15 3 16 4 17 4 18 4 19 4 20 4 21 5 22 5 23 5 24 6 25 6 26 6 27 6 28 6 29 6 30 7 31 7 32 7 33 7 34 7 35 8 36 8 37 8 38 9 39 9 40 9 41 9 42 9 43 10 44 10 45 10 46 11 47 11 48 11 49 11 50 11 51 11 52 12 53 12 54 12 55 12 56 13 57 13 58 13 59 13 60 13 61 13 62 14 63 14 64 14 65 14 66 15 67 15 68 15 69 15 70 15
setup_map neighbors 1 3 2 3 3 4,5,21,16 4 5,6,35,16 5 21,35 6 19,35,20,16,36,56 7 10,13,8 8 9,10,11 9 11 10 14,38,12,13,11,39 11 12,31,30 12 38,31 13 14 14 15,39,40 15 40 16 17,19 18 19,46 19 20,44,43 20 44,56 21 22,35,23 22 30,23 23 35,30,52,32,53 24 25,28,27 25 27,26 26 27,46,29 27 47,28,66,29,67,69 28 66,68,69 29 46,47 30 32,31,33 31 33,38,34,62 32 53,33 33 62,63,55 34 38,62 35 36,52 36 52,56,37,54 37 54,60,56 38 39,41,62 39 40,41 40 41 41 42,62 42 62 43 45,44,48 44 56,57 46 47,48,49 47 49,67 49 50,51,67 50 51,67 51 67 52 53,54 53 55,54 54 55,60 56 58,60,57,59 57 59 58 60,61,59 59 61 60 61 62 65,64,63 63 64 64 65 66 69 67 69,70 68 69,70 69 70
setup_map wastelands 12 22 25 32 69 70
settings starting_regions 1 9 13 20 23 29 33 35 38 44 48 54 56 63 68
settings starting_pick_amount 6
