settings timebank 10000
settings time_per_move 500
settings max_rounds 190
settings your_bot player2
settings opponent_bot player1
setup_map super_regions 1 3 2 1 3 3 4 5 5 0 6 3 7 4 8 3 9 4 10 3 11 5 12 0 13 4 14 1 15 4 16 3 17 6 18 0 19 0 20 3
setup_map regions 1 1 2 1 3 1 4 1 5 2 6 2 7 3 8 3 9 3 10 3 11 4 12 4 13 4 14 4 15 4 16 5 17 5 18 6 19 6 20 6 21 6 22 7 23 7 24 7 25 7 26 8 27 8 28 8 29 8 30 8 31 9 32 9 33 9 34 9 35 10 36 10 37 10 38 10 39 11 40 11 41 11 42 11 43 11 44 11 45 11 46 12 47 12 48 13 49 13 50 13 51 13 52 13 53 14 54 14 55 15 56 15 57 15 58 15 59 15 60 16 61 16 62 16 63 17 64 17 65 17 66 17 67 17 68 17 69 17 70 18 71 18 72 19 73 19 74 20 75 20 76 20
setup_map neighbors 1 2 2 5,6,3,9 3 9,4 4 9,40,47,46,10 5 6 6 8,9,7 7 8,11 8 14,15,9,11,12,10 9 10 10 15,40 11 12 12 18,15,13,14 13 19,22,18,23,16 14 15 15 41,39,18,40 16 17,26,23,24 17 26,31 18 19,35,39 19 22,20,36,35 20 22,21,37,36 21 27,29,37,25,22 22 23,25 23 24,25 24 26,25 25 27,26 26 33,32,31,27 27 28,30,33,60,29 28 30,70,63,33,34 29 37,55,38,61,60 30 63,60 31 32 32 33 33 34 35 39,36,38,48,37 36 37 37 38 38 55,48 39 43,48,40,41 40 42,41,47,53,43 42 53,47,54,44 43 48,53 44 54,47,45 45 47 46 47 48 55,50,53,52,51,49 49 50,74,53,54,51 50 51 51 75,72,73,52,74 52 55,56,72 53 54 55 61,62,56 56 73,57,58,72,62,59 57 62,64,58 58 64,59 59 73 60 63,61 61 63,65,64,62 62 64 63 66,67,65,70 64 67,68,65 65 67 66 71,68,67,69,70 67 68 68 69 70 71 72 73 73 75 74 76,75 75 76
setup_map wastelands 3 7 11 12 13 19 29 30 39 70
settings starting_regions 1 5 10 14 17 20 22 28 32 37 45 47 52 53 56 61 68 71 73 74
settings starting_pick_amount 8
