settings timebank 10000
settings time_per_move 500
settings max_rounds 195
settings your_bot player2
settings opponent_bot player1
setup_map super_regions 1 5 2 2 3 4 4 2 5 1 6 6 7 6 8 0 9 2 10 1 11 2 12 1 13 0 14 3 15 5 16 4 17 1 18 1 19 3 20 2 21 2
setup_map regions 1 1 2 1 3 1 4 1 5 1 6 2 7 2 8 2 9 3 10 3 11 3 12 3 13 3 14 4 15 4 16 4 17 5 18 5 19 5 20 6 21 6 22 6 23 6 24 6 25 6 26 6 27 7 28 7 29 7 30 7 31 7 32 7 33 7 34 8 35 8 36 9 37 9 38 9 39 9 40 10 41 10 42 11 43 11 44 11 45 11 46 12 47 12 48 13 49 13 50 14 51 14 52 14 53 14 54 14 55 15 56 15 57 15 58 15 59 15 60 16 61 16 62 16 63 16 64 16 65 17 66 17 67 18 68 18 69 19 70 19 71 19 72 20 73 20 74 20 75 20 76 21 77 21 78 21
setup_map neighbors 1 5,3,2,8 2 6,8 3 17,4,5,18 4 17 5 19,8,18 6 7,11,8 7 9,11 8 11,19,29,28 9 14,10,12,11 10 14,12,21,13,15,20,22 11 12,34,29 12 34,13 13 49,21,22,24,35,34,48 14 15 15 16,20 16 23,20,36 17 27,18,28 18 28,19 19 28 20 23,22 21 22 22 23,25,24,26,39 23 26,37,36 24 49,25 25 39,49 26 37,39,38 27 42,28,46 28 46,30,29 29 41,30,40,34 30 46,50,33,31,51,67,41 31 32,33,41,68,72,40 32 35,69,72,40 33 68,67 34 40,35 35 48,40,69,60 36 37 37 38 38 66,39 39 49,65,56,55,66,57 40 41 42 47,43,46,45 43 44,45 44 45,54 45 50,54,47 46 50,47 47 50 48 49,60,55 49 55 50 52,51,53,54 51 67,53 52 54,53 53 54,73,67,68,74 55 58,60,56,59 56 57,59 57 59,66,65 58 61,59,62,60 59 77,62 60 61,69 61 63,62,64,69 62 77,78 63 64 64 69,71 65 66 67 68 68 72,73 69 72,71 70 72,71,73 71 72 72 73 73 74,75 74 75 76 77 77 78
setup_map wastelands 2 13 31 38 45 50 58 59 68 71
settings starting_regions 4 7 12 14 19 25 30 35 36 40 42 47 49 52 55 63 65 67 70 72 77
settings starting_pick_amount 10
