settings timebank 10000
settings time_per_move 500
settings max_rounds 187
settings your_bot player2
settings opponent_bot player1
setup_map super_regions 1 3 2 4 3 6 4 4 5 3 6 3 7 2 8 4 9 4 10 3 11 1 12 3 13 2 14 3 15 4 16 1
setup_map regions 1 1 2 1 3 1 4 2 5 2 6 2 7 2 8 2 9 3 10 3 11 3 12 3 13 3 14 3 15 3 16 4 17 4 18 4 19 4 20 4 21 4 22 4 23 5 24 5 25 5 26 5 27 5 28 6 29 6 30 6 31 7 32 7 33 7 34 7 35 8 36 8 37 8 38 8 39 8 40 9 41 9 42 9 43 9 44 9 45 9 46 9 47 10 48 10 49 10 50 10 51 11 52 11 53 11 54 12 55 12 56 12 57 12 58 12 59 13 60 13 61 13 62 14 63 14 64 14 65 14 66 14 67 14 68 15 69 15 70 15 71 15 72 15 73 16 74 16 75 16
setup_map neighbors 1 24,4,3,2 2 24,23 3 4,24,31 4 6,5 5 6,9 6 8,7,9,31 7 8,9,15,13 8 15 9 10,13 10 11,13 11 12,13 12 14,28,15,13 13 15 14 15,28 15 29,28,30 16 19,18 17 20,19 18 19,40 19 20,22,21,41,40 21 38,54,22,36 22 41,54,44 23 26,25,27,37,24,35 24 31,26,34 25 35 26 34,32,27 27 51,53,39,37,32 28 29 29 30 31 32,34 32 33,34,52,51 33 59 35 37,36,39,49,48 36 47,48,38 37 39 38 47,54 39 53,49 40 42,43,41 41 44,43 42 44,43,46,45 43 44 44 45 45 46,56 47 54,48,49,55 48 49 49 53,50,55 50 55 51 53,52 52 61 54 55,56,57 55 57,73 56 57,58 57 58,73,75 58 74,75 59 60 60 62,68,69,61 61 68 62 64,63,69 63 64,69 64 67,65,66,71,69 66 67 67 71,72 68 70,72,69 69 71,72 70 72 71 72 73 75 74 75
setup_map wastelands 5 8 19 41 45 57 61 67
settings starting_regions 3 7 10 20 26 29 31 36 44 48 53 58 60 66 71 73
settings starting_pick_amount 6
