settings timebank 10000
settings time_per_move 500
settings max_rounds 132
settings your_bot player2
settings opponent_bot player1
setup_map super_regions 1 4 2 2 3 2 4 3 5 4 6 4 7 3 8 3 9 5 10 5 11 3 12 3 13 2
setup_map regions 1 1 2 1 3 1 4 1 5 2 6 2 7 2 8 2 9 3 10 3 11 3 12 4 13 4 14 4 15 4 16 5 17 5 18 5 19 5 20 5 21 5 22 6 23 6 24 6 25 6 26 7 27 7 28 7 29 7 30 8 31 8 32 8 33 8 34 9 35 9 36 9 37 9 38 9 39 10 40 10 41 10 42 10 43 10 44 11 45 11 46 11 47 12 48 12 49 12 50 12 51 13 52 13 53 13
setup_map neighbors 1 5,3,2,4 2 4,3 3 16,4,5 4 24,22,16,23 5 6,7,16 6 8,7 7 8,16 8 16 9 12,10 10 32,11,30,15,12 11 32 12 15,13 13 14,15 14 26,31,30,15 15 30 16 18,23,19,17,20 17 19 18 23,24,20,21 19 37,20,21 20 21 21 24 22 24,25,28,26 23 24 24 25 26 27,31,28 27 31,29,28 28 29 29 31 30 31,32 31 33,32 32 33 34 35,36 35 36,41,40 36 44,46,38,45,41 37 38 38 44,51 39 40 40 41,42 41 42,47,46 42 49,47,48,43 44 46,45,51,47 45 46 46 47 47 48,49,50,51 48 49 49 50 50 51 51 53,52 52 53
setup_map wastelands 4 11 16 18 33 50
settings starting_regions 3 8 10 15 19 25 26 30 38 42 46 48 52
settings starting_pick_amount 6
