settings timebank 10000
settings time_per_move 500
settings max_rounds 105
settings your_bot player1
settings opponent_bot player2
setup_map super_regions 1 1 2 4 3 6 4 1 5 3 6 6 7 4 8 1 9 4
setup_map regions 1 1 2 1 3 1 4 1 5 2 6 2 7 2 8 2 9 3 10 3 11 3 12 3 13 3 14 3 15 3 16 4 17 4 18 4 19 5 20 5 21 5 22 6 23 6 24 6 25 6 26 6 27 6 28 7 29 7 30 7 31 7 32 7 33 8 34 8 35 8 36 9 37 9 38 9 39 9 40 9 41 9 42 9
setup_map neighbors 1 2,16,4,19 2 16,3 3 16 4 19,20 5 6,7,16 6 11,13,9,7 7 16,17,13,8 8 13,22,24,17 9 10,11 10 12,14,11 11 13,23,22,14 12 14 13 22 14 15,23 15 25,23 16 17,19 17 19,28,18,29 18 19,29,20 19 20 20 21,29 21 31,29 22 25,26,24,23 23 25 24 26,30,27 25 26 26 27 28 30,29 29 30,31 30 34,33,32,31 31 32,36 32 33,36 33 37,34,36,40,42,39 34 35,40 35 40 36 41,38,37 37 39,38 38 41,39 39 42 40 42
setup_map wastelands 2 16 22
settings starting_regions 4 5 13 18 21 26 30 33 37
settings starting_pick_amount 3
