settings timebank 10000
settings time_per_move 500
settings max_rounds 197
settings your_bot player2
settings opponent_bot player1
setup_map super_regions 1 3 2 3 3 1 4 1 5 4 6 7 7 2 8 4 9 1 10 3 11 5 12 3 13 2 14 4 15 1 16 3 17 2 18 4 19 6 20 1
setup_map regions 1 1 2 1 3 1 4 2 5 2 6 2 7 3 8 3 9 4 10 4 11 5 12 5 13 5 14 5 15 5 16 5 17 6 18 6 19 6 20 6 21 6 22 6 23 6 24 7 25 7 26 7 27 8 28 8 29 8 30 8 31 9 32 9 33 10 34 10 35 10 36 11 37 11 38 11 39 11 40 11 41 11 42 12 43 12 44 12 45 12 46 12 47 13 48 13 49 13 50 14 51 14 52 14 53 14 54 15 55 15 56 15 57 16 58 16 59 16 60 16 61 17 62 17 63 17 64 17 65 17 66 18 67 18 68 18 69 18 70 19 71 19 72 19 73 19 74 19 75 19 76 19 77 20 78 20 79 20
setup_map neighbors 1 6,3,2,4 2 3,36 3 6,37,36 4 6,5 5 8,24,7,25,6 6 25,26,37 7 9,8 8 24,9,18,26,19,17,25 9 17,10,11,27 10 15,27,11 11 12,16,15 12 13,14,16 13 14 14 33,16 15 16,28,27 16 28,29,33 17 27,18,20 18 42,19,20,21,44 19 26,42 20 27,22,21 21 54,22,57,44 22 27,29,23,30,58,57 23 30,58 24 25 25 26 26 42,43,37 27 29,28 28 29 29 34,47,49,30,33 30 49,63,58,73,70,47,48,74 31 32 32 36,50,51 33 34 34 35,47 35 48,47 36 38,51,37 37 43,38,39 38 39,51 39 51,45,40,52,43 40 46,78,41,45,52 41 78 42 44,43 43 55,45,54,44 44 54 45 55,56,46 46 78,56,77 47 48,49 48 62,63 50 52,51 51 52 52 53 54 59,66,55,58,57,56 55 56 56 66,77 57 58 58 60,59,70 59 66,60 60 66,72,70,68 61 62,64 62 71,63,65,64 63 71,74 64 65 65 71 66 77,68,67,69 67 69,78,77 68 69,75,72 69 78,79 70 73,72 71 74 72 75,73 73 74,76,75 74 76 75 76 77 78 78 79
setup_map wastelands 5 9 26 30 31 48 53 61 76 77
settings starting_regions 1 4 8 10 12 18 25 27 32 35 39 44 47 52 56 57 64 68 71 78
settings starting_pick_amount 9
