settings timebank 10000
settings time_per_move 500
settings max_rounds 155
settings your_bot player2
settings opponent_bot player1
setup_map super_regions 1 3 2 4 3 5 4 4 5 1 6 2 7 5 8 2 9 3 10 4 11 3 12 7 13 3 14 3
setup_map regions 1 1 2 1 3 1 4 1 5 2 6 2 7 2 8 2 9 3 10 3 11 3 12 3 13 3 14 4 15 4 16 4 17 4 18 5 19 5 20 5 21 6 22 6 23 6 24 7 25 7 26 7 27 7 28 7 29 8 30 8 31 8 32 8 33 9 34 9 35 9 36 9 37 9 38 10 39 10 40 10 41 10 42 11 43 11 44 11 45 11 46 11 47 12 48 12 49 12 50 12 51 12 52 12 53 12 54 13 55 13 56 13 57 13 58 14 59 14 60 14 61 14 62 14
setup_map neighbors 1 2,3,4,8 2 5,8 3 26,27,25,12,8,9,4 4 19,18,24,25 5 9,8,6 6 10,9,7,11 7 11 8 9 9 10,12,13 10 13,11 12 26,13,33 13 33 14 15 15 29,22,17,21,16 16 19,17 17 29,19,20 18 19 19 24,20 20 24,42 21 22,23 22 29,48,23,47,50 23 47,41,38 24 25,43,42,28 25 28,27 26 33,27 27 44,43,35,28,33 28 43 29 30,48,42,49 30 32,31,42,49,52,48 31 32,52 32 42 33 34,35 34 37,35 35 44,37,36 36 44,37 37 46,44 38 41,39 39 40,41 40 41 41 54,47,51,59,58 42 43 43 44,46,45 44 46 47 50,51,53,59 48 49,50,52 50 52,59,53,61 51 59 53 59 54 58,55,60 55 56 56 57,60,62 58 59,60 59 60,61 60 62,61
setup_map wastelands 15 20 27 41 53 58 61
settings starting_regions 1 6 10 16 19 22 24 32 36 40 42 52 54 60
settings starting_pick_amount 7
