settings timebank 10000
settings time_per_move 500
settings max_rounds 135
settings your_bot player2
settings opponent_bot player1
setup_map super_regions 1 4 2 5 3 1 4 2 5 5 6 3 7 4 8 1 9 2 10 5 11 2 12 3
setup_map regions 1 1 2 1 3 1 4 1 5 2 6 2 7 2 8 2 9 2 10 3 11 3 12 3 13 4 14 4 15 4 16 4 17 4 18 5 19 5 20 5 21 5 22 5 23 6 24 6 25 6 26 6 27 6 28 7 29 7 30 7 31 7 32 8 33 8 34 8 35 8 36 9 37 9 38 9 39 9 40 9 41 10 42 10 43 10 44 10 45 10 46 11 47 11 48 11 49 11 50 12 51 12 52 12 53 12 54 12
setup_map neighbors 1 10,4,2,3 2 4 4 18,11,8,7,12,10,5 5 7,6 6 7 7 8 8 9,18,23 9 25,41,28,18 10 12,11 11 12 12 18,19,20 13 14 14 15,32,33 15 16,17,33,26 16 17,51 17 35,33,34 18 19,21,20,22,28 19 20 20 36,21,46 21 46,28,22 22 28 23 24 24 25,26,27 25 27,41 26 27,51 27 42,41,51,50 28 41,46,43,29,30 29 43,31,30 30 31,49,46 31 44,43 32 34,33 33 34 34 35 36 38,37,46 37 38,39 38 48,39,46,47,40 39 40 40 48 41 42,43 42 45,44,43,53,50 43 44 44 45,53 45 53 46 47,49,48 47 48 48 49 50 52,53,51 51 52 52 54,53 53 54
setup_map wastelands 5 24 31 36 43 47
settings starting_regions 1 7 12 17 21 26 28 35 37 44 48 54
settings starting_pick_amount 6
