settings timebank 10000
settings time_per_move 500
settings max_rounds 195
settings your_bot player2
settings opponent_bot player1
setup_map super_regions 1 4 2 1 3 4 4 4 5 3 6 0 7 3 8 1 9 4 10 1 11 1 12 4 13 4 14 2 15 1 16 4 17 3 18 4 19 4 20 1
setup_map regions 1 1 2 1 3 1 4 1 5 1 6 2 7 2 8 3 9 3 10 3 11 3 12 4 13 4 14 4 15 4 16 5 17 5 18 5 19 5 20 5 21 6 22 6 23 7 24 7 25 7 26 7 27 7 28 8 29 8 30 9 31 9 32 9 33 9 34 9 35 9 36 10 37 10 38 10 39 11 40 11 41 12 42 12 43 12 44 12 45 12 46 12 47 13 48 13 49 13 50 13 51 13 52 14 53 14 54 14 55 14 56 15 57 15 58 16 59 16 60 16 61 16 62 17 63 17 64 17 65 17 66 17 67 18 68 18 69 18 70 18 71 18 72 18 73 19 74 19 75 19 76 19 77 20 78 20
setup_map neighbors 1 23,3,2,4 2 7,6,10,3,4 3 4 4 5,10,36,26,41,24,23 5 26,24 6 7 7 9,8,11,10 8 28,11,37,15,12,9,38 9 11 10 36,11 11 38,36 12 15,13,28,17,14 13 14 14 18,16,17,19 15 28 16 21,20,19 17 18,28 18 19,28,39,29 19 20,52,39,33 20 30,33,22,21 21 22 22 30 23 24,25 24 25,26 25 26 26 41,27,44 27 45,44 28 37,29 29 47,56,39,37,40 30 32,33,31 31 34,32 32 33,34,35 33 53,35,54,52,55 34 35 35 53,55 36 38,43,41,42 37 38,47 38 43,47,48 39 40,52 40 56,59,60,52,58 41 42,44 42 43,44,62,45,46 43 46,50,48 44 45 45 63,62 46 62,50 47 56,49,51,48,68 48 51,50 49 51 50 67,62,69,65,51 51 68,67 52 54,58 53 55 54 55,58 55 61,58 56 59,57,68 57 71,75,68,59 58 73,74,59,60,61 59 60,74,75 61 73 62 63,64,65 63 77,64 64 78,66,65,77 65 69,66 66 69 67 68,70,69 68 70,71 69 71,70 70 71 71 75,72 72 75 73 75,76,74 74 75 75 76 77 78
setup_map wastelands 3 13 30 50 51 52 68 71 72 78
settings starting_regions 5 7 10 12 16 21 25 29 34 38 39 44 47 55 57 61 64 67 76 77
settings starting_pick_amount 9
