settings timebank 10000
settings time_per_move 500
settings max_rounds 150
settings your_bot player2
settings opponent_bot player1
setup_map super_regions 1 3 2 3 3 2 4 6 5 3 6 3 7 3 8 5 9 2 10 3 11 4 12 2 13 4
setup_map regions 1 1 2 1 3 1 4 1 5 2 6 2 7 2 8 2 9 3 10 3 11 3 12 3 13 4 14 4 15 4 16 4 17 4 18 4 19 4 20 5 21 5 22 5 23 5 24 6 25 6 26 6 27 6 28 7 29 7 30 7 31 7 32 8 33 8 34 8 35 8 36 8 37 9 38 9 39 9 40 9 41 10 42 10 43 10 44 10 45 10 46 10 47 11 48 11 49 11 50 11 51 11 52 11 53 12 54 12 55 12 56 12 57 13 58 13 59 13 60 13
setup_map neighbors 1 5,2,3 2 4,3,5,6,9 3 24,4,13 4 25,12,9,24 5 6 6 9,8,11,10,7 7 8 8 11 9 10,11,12 10 11 11 12 13 24,16 14 15,18,17,16 15 20,17,23,18,19,22 16 28,18,24 17 18 18 19,29,28,48 19 48,23 20 21,22 22 23,43,41 23 47,48,49 24 28,25,26 25 26,33,30,32,27 26 28,30 27 32,38 28 30,29 29 30,48 30 31,33,48 31 51,33,50,48,34 32 38,33 33 38,35,34,39 34 35 35 36,39 37 39 38 39 39 40 41 43,42 42 45,43,44 43 45,59,58 44 57,45,60,46 45 58,60 46 57 47 49,53 48 49,50 49 53,50,55 50 51,56,55 51 56,52 53 55,54 54 59,55 55 56 57 60 58 60,59
setup_map wastelands 19 25 29 35 44 55
settings starting_regions 1 5 11 16 22 26 30 32 40 42 48 56 59
settings starting_pick_amount 6
