settings timebank 10000
settings time_per_move 500
settings max_rounds 170
settings your_bot player2
settings opponent_bot player1
setup_map super_regions 1 4 2 3 3 2 4 6 5 2 6 2 7 6 8 3 9 6 10 3 11 4 12 4 13 4 14 3 15 2
setup_map regions 1 1 2 1 3 1 4 1 5 2 6 2 7 2 8 3 9 3 10 3 11 3 12 4 13 4 14 4 15 4 16 4 17 4 18 4 19 5 20 5 21 5 22 6 23 6 24 6 25 6 26 7 27 7 28 7 29 7 30 7 31 7 32 8 33 8 34 8 35 8 36 9 37 9 38 9 39 9 40 9 41 9 42 9 43 10 44 10 45 10 46 11 47 11 48 11 49 11 50 11 51 11 52 12 53 12 54 12 55 12 56 13 57 13 58 13 59 13 60 13 61 13 62 14 63 14 64 14 65 14 66 15 67 15 68 15
setup_map neighbors 1 7,5,2 2 7,3 3 4,9,7,10,11,8,16 4 9 5 8,6,7 6 19,8 7 8 8 9,19 9 10,20,19 10 20,36,11 12 14,13,27,26 13 15,28,14,27 14 15 15 30,28,18,44,17,16 16 43,18,17 18 43 19 22,21,20,23 20 21,23,36 21 23 22 23,32 23 24,36,32 24 25,36,32 25 35,38,36,33,34,32,41,40 26 27,28,29 27 28 28 30,29 29 30,31,66 30 31 31 57,66,56 32 33,34 33 34 34 46,35 35 41,48,47 36 38,37 37 38,43 38 39,40 39 40,42 40 49,42,41 43 45,44 44 61,57,45,58,60,56 45 58,59 46 47,62,52,48 47 48 48 50,63,62,49 49 50,51 50 51,63 52 53,54,55,62 53 64,65,55,54,62,63 54 55,65 56 57 57 60,68,66 58 61,59 60 61,68,67 62 63 63 64 64 65 66 67,68 67 68
setup_map wastelands 4 31 33 35 37 38 58
settings starting_regions 3 7 8 16 19 23 27 34 41 43 47 55 57 62 67
settings starting_pick_amount 6
