settings timebank 10000
settings time_per_move 500
settings max_rounds 137
settings your_bot player1
settings opponent_bot player2
setup_map super_regions 1 1 2 5 3 5 4 4 5 2 6 4 7 3 8 4 9 4 10 4 11 6
setup_map regions 1 1 2 1 3 1 4 2 5 2 6 2 7 2 8 2 9 2 10 2 11 3 12 3 13 3 14 3 15 3 16 3 17 3 18 4 19 4 20 4 21 4 22 5 23 5 24 5 25 5 26 6 27 6 28 6 29 6 30 7 31 7 32 7 33 7 34 8 35 8 36 8 37 8 38 9 39 9 40 9 41 9 42 9 43 9 44 10 45 10 46 10 47 10 48 10 49 11 50 11 51 11 52 11 53 11 54 11 55 11
setup_map neighbors 1 2,4 2 3,4,5,8,6 3 5,9,8 4 6,10,8 5 9,7 6 8 7 17 8 31,9,30,10 9 31,37 11 13,12,15 12 16,17,15,14 13 18,15 15 16,18,26,20 16 35,27,34,26,17 18 19,20,22,21 19 22 20 26,21 21 26,23,24,22 22 23,25,24 24 25 26 27,28,29 27 35,28 28 29 29 49 30 31 31 32,33 34 36,35 35 36,39,38 36 38,37 37 44,38 38 45,39,40,44 39 41,40 40 43,42,41,53,45 41 53,49 42 45,43 43 53,55 44 45,46 45 48,47,46 46 47 47 48 49 54,53,51,50 50 52,51 51 55,52,54 53 55,54 54 55
setup_map wastelands 4 27 28 47 52
settings starting_regions 2 5 13 18 25 26 32 35 38 46 49
settings starting_pick_amount 5
