settings timebank 10000
settings time_per_move 500
settings max_rounds 187
settings your_bot player1
settings opponent_bot player2
setup_map super_regions 1 3 2 3 3 0 4 5 5 1 6 5 7 2 8 6 9 3 10 2 11 1 12 2 13 6 14 1 15 0 16 3 17 4 18 2 19 3
setup_map regions 1 1 2 1 3 1 4 1 5 1 6 2 7 2 8 2 9 3 10 3 11 4 12 4 13 4 14 4 15 4 16 5 17 5 18 5 19 5 20 6 21 6 22 6 23 6 24 6 25 7 26 7 27 7 28 7 29 8 30 8 31 8 32 8 33 8 34 8 35 8 36 9 37 9 38 9 39 9 40 9 41 10 42 10 43 10 44 10 45 11 46 11 47 12 48 12 49 12 50 13 51 13 52 13 53 13 54 13 55 13 56 14 57 14 58 15 59 15 60 16 61 16 62 16 63 16 64 16 65 17 66 17 67 17 68 17 69 18 70 18 71 18 72 18 73 19 74 19 75 19
setup_map neighbors 1 20,5,4,2 2 3,4 3 6,4,7 4 7,25,5 5 25,21,24,20 6 8,7,12,9 7 25,29,8 8 29,12 9 13,12,10 10 11,13 11 19,37,14,16,13,15 12 30,13,29,32 13 14,31,30 14 31,37,36 15 18,41,16,19,43,42,37 16 17,18,19 17 18 20 21,23,22 21 24,23 22 23 23 50,24,51 24 51,45,46,25 25 29,45,26 26 29,27,45,33,28 27 46,45,28,65,54,53,51 28 35,60,65,33 29 33,32 30 31,32 31 33,36,34,32 32 33 33 34,35 34 56,36,57,35 35 57,60,58,59 36 47,37,56 37 42,38,47 38 47,42,39,40 39 40,42,43,41,44 40 47,69,49,48 41 44,43 42 43 45 46 46 51 47 48,56 48 61,70,71,49,58,56 49 69,71 50 51 51 52,53 52 53 53 74,55,75,73,54 54 65,66,55 55 66,75,67 56 58,57 57 58 58 61,59 59 60,61 60 62,65,61,66,64 61 70,63,71,72,64 62 64,66,68 63 72,64 65 66 66 67,68 67 75 69 71 70 71 71 72 73 74,75 74 75
setup_map wastelands 1 10 12 16 23 39 52 68 69
settings starting_regions 4 7 9 13 19 24 26 34 37 42 45 47 50 56 59 61 65 70 75
settings starting_pick_amount 8
