settings timebank 10000
settings time_per_move 500
settings max_rounds 167
settings your_bot player1
settings opponent_bot player2
setup_map super_regions 1 3 2 3 3 3 4 3 5 6 6 2 7 4 8 2 9 5 10 3 11 3 12 4 13 5 14 4
setup_map regions 1 1 2 1 3 1 4 1 5 1 6 2 7 2 8 2 9 2 10 2 11 3 12 3 13 3 14 3 15 4 16 4 17 4 18 5 19 5 20 5 21 5 22 5 23 5 24 5 25 6 26 6 27 6 28 6 29 6 30 7 31 7 32 7 33 7 34 8 35 8 36 8 37 8 38 9 39 9 40 9 41 9 42 9 43 9 44 9 45 10 46 10 47 10 48 10 49 11 50 11 51 11 52 11 53 11 54 12 55 12 56 12 57 12 58 13 59 13 60 13 61 13 62 13 63 13 64 14 65 14 66 14 67 14
setup_map neighbors 1 4,3 2 4 3 4,9,8 4 11,5,9 5 9,13,14,11 6 7,10,15 7 18,10,8,9 8 9 9 18,14 10 18,17,15,20 11 12,13 12 25,30,13 13 30,34,14 14 34,36,19,18,38 15 17,16 16 20,17,24,23 17 20 18 19,21,20 19 38,21 20 22,21,24,23 21 38,39,22 22 49,56,39,23 23 24,54,56,55 25 30,26 26 27,28,31,30 27 29,33,28,31,58 28 31 30 31,35,34 31 37,32,33,35 32 37,33,44 33 44,60 34 37,36,35 35 37 36 38,40,39,37 37 42,40,41,43 38 39 39 49,40,50,41 40 41 41 50,51,42,43 42 43 43 51,44 45 46 46 47,59 47 48,59 48 59 49 56,50,52,51 50 51 51 53,52 52 65,56,53 54 55 55 57,65,56 56 65,57 57 65 58 61,60,59 59 62,61 60 61,63,62 61 62 62 63 64 66 65 67,66
setup_map wastelands 10 19 27 31 34 49
settings starting_regions 4 6 14 15 18 29 30 37 40 47 52 57 61 66
settings starting_pick_amount 7
