settings timebank 10000
settings time_per_move 500
settings max_rounds 112
settings your_bot player2
settings opponent_bot player1
setup_map super_regions 1 3 2 4 3 1 4 5 5 3 6 3 7 3 8 4 9 2 10 4
setup_map regions 1 1 2 1 3 1 4 1 5 2 6 2 7 2 8 2 9 2 10 2 11 3 12 3 13 3 14 3 15 4 16 4 17 4 18 4 19 4 20 4 21 5 22 5 23 5 24 5 25 5 26 6 27 6 28 6 29 6 30 7 31 7 32 7 33 8 34 8 35 8 36 8 37 9 38 9 39 9 40 9 41 10 42 10 43 10 44 10 45 10
setup_map neighbors 1 5,2 2 5,3,7 3 4,9,7 4 9 5 7,6 6 7 7 9,8 8 10,9,13 9 10 10 33,30 11 12,15,19,14 12 30,14,13,19 14 19 15 19,16 16 17,19 17 18,20,19 18 20,21,23 19 27,26,20,30,22 20 22,23 21 24,22,23 22 28,24,25,23,26 24 25,28 25 28 26 28,27 27 30,28,31 28 31,29 30 32,31 31 32 33 35,34 34 42,35,43 35 42,36,37,38 36 42,40,38 37 39,38,40 38 40 39 40 41 43,44 42 45,43 43 44,45
setup_map wastelands 4 11 25 30 37
settings starting_regions 1 6 14 15 21 29 32 35 38 44
settings starting_pick_amount 4
