settings timebank 10000
settings time_per_move 500
settings max_rounds 175
settings your_bot player2
settings opponent_bot player1
setup_map super_regions 1 4 2 3 3 5 4 5 5 2 6 3 7 3 8 3 9 4 10 1 11 7 12 1 13 4 14 3 15 2
setup_map regions 1 1 2 1 3 1 4 1 5 1 6 2 7 2 8 2 9 2 10 2 11 3 12 3 13 3 14 3 15 3 16 4 17 4 18 4 19 4 20 4 21 4 22 4 23 5 24 5 25 5 26 6 27 6 28 6 29 6 30 7 31 7 32 7 33 7 34 7 35 7 36 8 37 8 38 8 39 8 40 9 41 9 42 9 43 9 44 9 45 10 46 10 47 10 48 11 49 11 50 11 51 11 52 11 53 11 54 11 55 12 56 12 57 12 58 13 59 13 60 13 61 13 62 14 63 14 64 14 65 14 66 14 67 15 68 15 69 15 70 15
setup_map neighbors 1 2,3,5 2 3,26,4 3 26,40,5,28 4 26 6 11,7,8,10 7 9,10 8 14,10,11,12 9 10,36,27,26 10 14,36,37 11 12 12 13,16,14,18 13 15,21,14,18 14 15,37 15 38,37,21 16 17,18 17 23,18 18 19,21,23 19 22,21,23,20 20 23 21 22,38 22 38 23 24 24 25 26 28,27 27 28,29,36,48 28 40,41,29 29 48,44,43,41 30 31 31 32,34,33,41 32 41 33 34,42,58,41 34 58,35 35 58 36 45,48,37 37 38,46,45 38 39,46,47,68 39 56 40 41 41 42,43,44 42 44,58,60 43 44 44 50,60,48 45 47,46,48,49 46 47 47 52,49 48 49,51,50 49 52,51 50 51,60 51 53,52,54,60 52 54 53 54 55 56,63 56 57,63,67 57 67,68 58 59,61,60 59 61 60 61 62 63,64 63 67,64,65 64 65,66 65 67,69,66,70 67 68,70,69 68 69 69 70
setup_map wastelands 17 25 30 31 49 67 69
settings starting_regions 2 8 13 22 23 29 34 36 42 45 48 57 58 62 70
settings starting_pick_amount 6
