settings timebank 10000
settings time_per_move 500
settings max_rounds 127
settings your_bot player1
settings opponent_bot player2
setup_map super_regions 1 5 2 3 3 6 4 7 5 5 6 2 7 4 8 7 9 4 10 2
setup_map regions 1 1 2 1 3 1 4 1 5 1 6 2 7 2 8 2 9 2 10 3 11 3 12 3 13 3 14 3 15 3 16 3 17 4 18 4 19 4 20 4 21 4 22 4 23 4 24 5 25 5 26 5 27 5 28 5 29 5 30 6 31 6 32 6 33 7 34 7 35 7 36 7 37 8 38 8 39 8 40 8 41 8 42 8 43 8 44 9 45 9 46 9 47 9 48 10 49 10 50 10 51 10
setup_map neighbors 1 4 2 3,4 3 9,4,8,6 4 5,31,9,32 6 7,13,8 7 10,13 8 16,37,13,9 9 38,32,37 10 14,13,11,12 11 12 12 20,14,17 13 14,15,16 14 15,34,20,33 15 34,44,16,45 16 45,37 17 20,18 18 21,22,19,26,20 19 26,24 20 22,33 21 26,22,28 22 23,35,33,28 23 28,35 24 26,25 25 27,26 26 27,29,28 28 29 30 31 31 32 32 39,38 33 34,35 34 35,36,46,44 35 36 37 45,48,49,38,40,39 38 39 39 41,40 40 49,43,41 41 42,43 42 43 43 49 44 46,45 45 46,47,48 46 48,50,47 47 48 48 49,50,51 49 51 50 51
setup_map wastelands 22 25 34 35
settings starting_regions 2 8 16 21 24 32 33 41 45 49
settings starting_pick_amount 5
