settings timebank 10000
settings time_per_move 500
settings max_rounds 202
settings your_bot player1
settings opponent_bot player2
setup_map super_regions 1 6 2 1 3 5 4 7 5 2 6 3 7 4 8 1 9 3 10 2 11 7 12 4 13 3 14 1 15 3 16 4 17 4 18 4 19 1
setup_map regions 1 1 2 1 3 1 4 1 5 1 6 1 7 2 8 2 9 3 10 3 11 3 12 3 13 3 14 3 15 3 16 4 17 4 18 4 19 4 20 4 21 4 22 4 23 5 24 5 25 5 26 5 27 6 28 6 29 6 30 6 31 6 32 7 33 7 34 7 35 7 36 8 37 8 38 9 39 9 40 9 41 9 42 10 43 10 44 10 45 11 46 11 47 11 48 11 49 11 50 11 51 11 52 12 53 12 54 12 55 12 56 13 57 13 58 13 59 13 60 14 61 14 62 14 63 15 64 15 65 15 66 16 67 16 68 16 69 16 70 17 71 17 72 17 73 17 74 18 75 18 76 18 77 18 78 18 79 18 80 19 81 19
setup_map neighbors 1 2 2 8,10,3,36,4,37 3 15,10,5,4 4 5,37 5 6,47,37,45,15 6 63,15,47,48,40 7 10,8,9 8 10 9 19,10,16,11 10 13,11,15 11 19,12,14,13 12 14,38,19,20,21 13 15,14 14 40,39,38,15 15 40 16 19,17 17 21,20,18,19 18 23,27,21 19 20 20 21 21 39,22,38,27 22 27,29,39 23 27,24,26,25,33 24 25 25 32,34,33 26 33,27,35,28,30,29 27 28,29 28 29 29 31,39,30 30 35,31 31 54,41,58,66,35,57,52,39 32 34 33 34,35,42 34 42,43 35 57,42,56,58 36 37 37 45,46 38 39 39 41,40,52 40 63,52,53 41 52 42 56,43,44 43 60,44 44 60,56 45 47,49,46,50 46 49 47 48,51,50 48 74,81,51,50,64,80,63 49 50 50 51,80 52 54,53 53 63,54,65 54 66,55,65,68 55 66,68 56 70,58,60 57 58 58 66,67,59,70 59 70,67 60 61,62,70 61 62,70 62 70,72 63 65,64 64 65,74 65 75,76,68,74 66 68,67,69,73 67 69,71,70 68 73,76 69 71,73 70 72,71 71 79,73 73 79,77,76 74 75,78,81 75 78,77,76 76 77 77 79 78 81 80 81
setup_map wastelands 10 22 26 52 58 72 78
settings starting_regions 1 7 12 18 24 27 35 37 39 43 49 54 56 62 65 67 70 76 81
settings starting_pick_amount 8
