settings timebank 10000
settings time_per_move 500
settings max_rounds 157
settings your_bot player2
settings opponent_bot player1
setup_map super_regions 1 4 2 5 3 2 4 2 5 1 6 3 7 5 8 5 9 5 10 3 11 1 12 1 13 2 14 2 15 3
setup_map regions 1 1 2 1 3 1 4 1 5 1 6 1 7 2 8 2 9 2 10 2 11 2 12 3 13 3 14 3 15 4 16 4 17 4 18 4 19 5 20 5 21 5 22 6 23 6 24 6 25 6 26 7 27 7 28 7 29 7 30 7 31 7 32 7 33 8 34 8 35 8 36 8 37 8 38 9 39 9 40 9 41 9 42 9 43 10 44 10 45 10 46 10 47 10 48 11 49 11 50 11 51 12 52 12 53 12 54 13 55 13 56 13 57 14 58 14 59 14 60 14 61 15 62 15 63 15
setup_map neighbors 1 2 2 4,5,3 3 7,4 4 6,5,7,10 5 19,6 6 20,21,19,10,27 7 9,10,8 8 12,14,9,10,11 9 10 10 11,27,26 11 14,26 12 14,13 13 14 15 17,16,24,22 16 17 17 24,18 18 25,24 19 23,21 20 27,21,28 21 34,23,28 22 33,23,24,34 23 34 24 25,35,33 25 51,36,44,53,35 26 27,30 27 30,29,28 28 48,43,34,32,29 29 30,32 30 32,31,58,57 31 39,58 32 48,54,57 33 36,35,34,37 34 37,43 35 36 36 37,44 37 43,45,44 38 39 39 42,41,59,58,40 40 42 41 42,61,59 42 61,63 43 49,50,45,48 44 45,46,53 45 47,50,46 46 53,52,47 48 49,54 49 54,50 50 56,54 51 53,52 52 53 54 60,56,57,55 55 62,56,60,59 57 59,58,60 58 59 59 62,60,61 61 62,63
setup_map wastelands 2 21 27 34 44 46 52
settings starting_regions 1 11 13 18 19 23 29 33 38 43 48 51 55 58 63
settings starting_pick_amount 7
