settings timebank 10000
settings time_per_move 500
settings max_rounds 115
settings your_bot player2
settings opponent_bot player1
setup_map super_regions 1 2 2 3 3 3 4 2 5 5 6 5 7 3 8 7 9 5
setup_map regions 1 1 2 1 3 1 4 2 5 2 6 2 7 2 8 2 9 3 10 3 11 3 12 3 13 3 14 4 15 4 16 4 17 5 18 5 19 5 20 5 21 5 22 5 23 5 24 6 25 6 26 6 27 6 28 6 29 6 30 7 31 7 32 7 33 8 34 8 35 8 36 8 37 8 38 8 39 8 40 9 41 9 42 9 43 9 44 9 45 9 46 9
setup_map neighbors 1 6,2 2 6,3,9 3 9,30,6,14 4 5 5 6,14,8,7,15 6 14 7 15,8 9 10,11,26,30 10 11,30 11 12,30 12 30,13 14 15,30 15 16,30,31 17 19,18 18 21,19,22 19 21,20,33 20 33 21 33,36,22,23 22 23 23 39,36 24 28,27 25 26,28 26 40,28 27 34,33,28 28 40,34,42,41,29 29 41,35,34 30 31 31 32 33 34,35,36 34 35 35 41,45,38,37,36 36 37,39 37 39,38,45 38 45 40 43,42 41 44,42,45,43 42 43 43 44 44 45 45 46
setup_map wastelands 8 12 25 46
settings starting_regions 3 5 11 15 20 24 32 39 45
settings starting_pick_amount 4
