settings timebank 10000
settings time_per_move 500
settings max_rounds 150
settings your_bot player1
settings opponent_bot player2
setup_map super_regions 1 2 2 5 3 6 4 5 5 5 6 3 7 5 8 5 9 4 10 1 11 2 12 3
setup_map regions 1 1 2 1 3 1 4 2 5 2 6 2 7 2 8 2 9 2 10 3 11 3 12 3 13 3 14 3 15 3 16 4 17 4 18 4 19 4 20 4 21 4 22 4 23 5 24 5 25 5 26 5 27 5 28 6 29 6 30 6 31 6 32 6 33 7 34 7 35 7 36 7 37 7 38 8 39 8 40 8 41 8 42 8 43 8 44 9 45 9 46 9 47 9 48 9 49 9 50 10 51 10 52 10 53 11 54 11 55 11 56 11 57 11 58 12 59 12 60 12
setup_map neighbors 1 2 2 4,3,26,23,24 3 4 4 23,8,5 5 6,8 6 8,9,25,7,28 8 25,24,23 9 25,32 10 11,12,16 11 12 12 20,16,13 13 30,29,31,21,20,14 14 21,34,40,31,15 15 34,36,40 16 17,21,19,20 17 19 18 19 19 22,21 20 21 21 34,22 22 33 23 24 24 25,27,26,47 26 27,44 28 29 29 38,31,30,32 30 31 31 38,40,39 32 41,38,42,47 33 35,34 34 36,35,37 35 37 36 58,40,37,53,59 37 58,59 38 41,42,39 39 40,42,43 40 43,53 41 42 42 43 43 54 44 47,45,46,49 45 46 46 49,48,52,51 47 49 48 52,49 50 51 51 52 53 55,59,54 54 55,57,56 55 59,57 58 59 59 60
setup_map wastelands 4 41 48 54 60
settings starting_regions 3 7 13 16 23 31 36 43 45 51 55 59
settings starting_pick_amount 6
