settings timebank 10000
settings time_per_move 500
settings max_rounds 137
settings your_bot player2
settings opponent_bot player1
setup_map super_regions 1 5 2 4 3 1 4 4 5 3 6 3 7 2 8 3 9 5 10 2 11 1 12 2
setup_map regions 1 1 2 1 3 1 4 1 5 1 6 1 7 1 8 2 9 2 10 2 11 2 12 2 13 2 14 3 15 3 16 3 17 3 18 4 19 4 20 4 21 4 22 5 23 5 24 5 25 5 26 5 27 6 28 6 29 6 30 6 31 6 32 7 33 7 34 7 35 7 36 8 37 8 38 8 39 9 40 9 41 9 42 9 43 9 44 9 45 9 46 10 47 10 48 10 49 10 50 11 51 11 52 11 53 12 54 12 55 12
setup_map neighbors 1 6,4,2,3 2 5,8,4 4 5,7,6 5 8,7,13 6 7 8 13,12,9,10 9 10 10 11,12 11 12 12 18,13 13 18,27 14 15,22,17,16 16 17,26 17 22,25,26 18 27,29,19 19 31,21,20,29,46 20 48,21,47 21 47,46 22 25,24,33,23 24 34,32,33 25 33,26 26 35,33 27 29,28,31,30 28 30,36,41,32 29 31 30 31,36,37 31 49,37,46 32 34 33 40,35,34 34 39,40 36 37 37 49,38 38 49 39 40,43,41 40 43,42 41 53,44,54 42 50,51,45,43 43 44,45 44 55,54,45 45 55,51 46 47,49 47 48,49 48 49 50 51 51 52,55 53 54,55 54 55
setup_map wastelands 7 10 17 19 30 43
settings starting_regions 4 13 14 21 23 27 32 38 39 49 52 55
settings starting_pick_amount 6
