settings timebank 10000
settings time_per_move 500
settings max_rounds 152
settings your_bot player2
settings opponent_bot player1
setup_map super_regions 1 4 2 4 3 3 4 5 5 4 6 3 7 3 8 4 9 6 10 4 11 4 12 4
setup_map regions 1 1 2 1 3 1 4 1 5 1 6 1 7 1 8 2 9 2 10 2 11 2 12 3 13 3 14 3 15 3 16 4 17 4 18 4 19 4 20 4 21 4 22 5 23 5 24 5 25 5 26 5 27 6 28 6 29 6 30 6 31 7 32 7 33 7 34 8 35 8 36 8 37 8 38 8 39 9 40 9 41 9 42 9 43 9 44 9 45 9 46 10 47 10 48 10 49 10 50 10 51 10 52 11 53 11 54 11 55 11 56 11 57 12 58 12 59 12 60 12 61 12
setup_map neighbors 1 4,2 2 8,7,4,16,6,17,11 3 5,4 4 6,5 5 6,19,18 6 18,17 7 17 8 9,11 9 11,10 10 12,11 11 13,12,14,16 12 15,14,24,25 13 14,23,22,28,27,17 14 25,23 15 24 16 17 17 27,21,18,28 18 20,21,19 19 20 20 21 21 28,40 22 28,26,23,25 23 25 24 32,31,25,26 25 26 26 30,31,33,28,29 27 28 28 29,42 29 30 30 33 31 32,33,46,49,48 32 47,46 33 48 34 47,36 35 36 36 38,37,47 37 61,60,38 38 60,57,47,49 39 41 40 42 41 42,52,44,43,55,54 42 43 43 45,44,56 44 56,55 45 56 46 47,49 47 49 48 49,50,51 49 57,58,51 50 59,51 51 57,59 52 54,53 53 55,54 54 55 55 56 57 58,59,60 60 61
setup_map wastelands 27 34 36 41 51 53
settings starting_regions 5 11 15 17 23 30 31 35 44 46 54 61
settings starting_pick_amount 6
