settings timebank 10000
settings time_per_move 500
settings max_rounds 122
settings your_bot player2
settings opponent_bot player1
setup_map super_regions 1 4 2 1 3 2 4 4 5 6 6 2 7 6 8 3 9 3 10 2 11 3
setup_map regions 1 1 2 1 3 1 4 1 5 2 6 2 7 2 8 3 9 3 10 3 11 4 12 4 13 4 14 4 15 4 16 5 17 5 18 5 19 5 20 5 21 5 22 6 23 6 24 6 25 7 26 7 27 7 28 7 29 7 30 7 31 7 32 8 33 8 34 8 35 8 36 9 37 9 38 9 39 9 40 9 41 10 42 10 43 10 44 11 45 11 46 11 47 11 48 11 49 11
setup_map neighbors 1 2,5,3,4 2 5 3 27,30,5,4,26 5 26,6,7 6 7 7 8,26 8 25,10,9,26 9 36,10,11,14 10 25,36,37,28 11 12,14,16,15 12 16,41,13,15,21,42 13 16,17,20,21 14 36,38,15 15 38,41 16 17 17 20,18,19 18 19 19 34,20,32,35 20 42,21 21 42 22 23,33,24 23 24 24 44,45,33 25 26,28 26 28,29,27 27 30,29 28 31,39,29,37 29 31 32 33,34 33 45,35,34 34 35 35 45,46 36 37,38,39 37 39 38 39,40 40 41 41 42,43 42 43 44 47,48,45 45 49,48,46,47 46 49 47 48 48 49
setup_map wastelands 6 9 15 36
settings starting_regions 4 5 10 11 16 22 25 35 39 42 45
settings starting_pick_amount 4
