settings timebank 10000
settings time_per_move 500
settings max_rounds 145
settings your_bot player2
settings opponent_bot player1
setup_map super_regions 1 7 2 2 3 4 4 5 5 5 6 6 7 4 8 4 9 6 10 3 11 3
setup_map regions 1 1 2 1 3 1 4 1 5 1 6 1 7 1 8 2 9 2 10 2 11 2 12 3 13 3 14 3 15 3 16 3 17 3 18 4 19 4 20 4 21 4 22 4 23 4 24 5 25 5 26 5 27 5 28 5 29 5 30 6 31 6 32 6 33 6 34 6 35 6 36 7 37 7 38 7 39 7 40 7 41 7 42 8 43 8 44 8 45 8 46 9 47 9 48 9 49 9 50 9 51 9 52 10 53 10 54 10 55 11 56 11 57 11 58 11
setup_map neighbors 1 4,2,5 2 8 3 4,7,6 4 5,7 5 38,8,11,36,7,32 6 7,26 7 36,39,37,27,26 8 9,10,11 9 10,30 10 11,30,32,33 11 32 12 14,13 13 14,18 14 15,18,16,31 15 21,18,17 16 34 17 23,21 18 20,21,19 19 20 20 21,22,23 21 23 22 23 24 25 25 26,28 26 28,27 27 37,29,28 28 29 29 37,40 30 31,32,34 31 34 32 35,44,33,34,42,38 34 44 35 44,43,42 36 39,38,40 37 39,40 38 42 39 40 40 41 42 43,45 43 45,44 44 46,47,45 45 47,52 46 47,49,50 47 49,48,52 48 54,52,49 49 55,57,54,56,50 50 51,56 51 56 52 53,54 53 54 54 57 55 56,58,57 56 58 57 58
setup_map wastelands 5 20 29 49 55
settings starting_regions 6 11 13 22 27 34 41 43 46 54 58
settings starting_pick_amount 3
