settings timebank 10000
settings time_per_move 500
settings max_rounds 135
settings your_bot player2
settings opponent_bot player1
setup_map super_regions 1 4 2 3 3 4 4 2 5 3 6 4 7 4 8 3 9 1 10 5 11 3 12 1
setup_map regions 1 1 2 1 3 1 4 1 5 2 6 2 7 2 8 3 9 3 10 3 11 3 12 3 13 4 14 4 15 4 16 4 17 5 18 5 19 5 20 5 21 6 22 6 23 6 24 6 25 6 26 6 27 6 28 7 29 7 30 7 31 7 32 8 33 8 34 8 35 8 36 9 37 9 38 9 39 9 40 10 41 10 42 10 43 10 44 10 45 10 46 10 47 11 48 11 49 11 50 11 51 12 52 12 53 12 54 12
setup_map neighbors 1 2,13 2 13,17,3,4 3 4,28,14,13 4 17,28,29,20 5 6 6 10,8,11,7 7 11 8 9,23,10,12,21 10 12,11,37 12 37,24,23 13 14,15 14 15,16,28 16 28,41,40 17 20,18,19,32,34 18 19 19 32,22 20 29,34 21 22,23,25 22 25 23 24,25 24 25,37,27 25 26 26 33 28 29,42,31,41 29 34,30,31,47 30 31,47 31 42,44,49,50,47 32 34,33 33 35,34 34 47,35 35 47,51,53,48 36 37 37 38,39 40 41,43,45 41 42,45,44 42 44 43 45 44 45,46,50 45 46 46 50 47 49,48 48 54,49,53 49 50 51 53,52 52 53 53 54
setup_map wastelands 13 16 19 26 27 43
settings starting_regions 1 7 8 14 20 21 29 34 39 42 50 52
settings starting_pick_amount 6
