settings timebank 10000
settings time_per_move 500
settings max_rounds 187
settings your_bot player2
settings opponent_bot player1
setup_map super_regions 1 7 2 1 3 2 4 4 5 0 6 6 7 1 8 5 9 6 10 0 11 1 12 1 13 0 14 3 15 2 16 3 17 5 18 0 19 5
setup_map regions 1 1 2 1 3 1 4 1 5 1 6 1 7 1 8 2 9 2 10 3 11 3 12 3 13 4 14 4 15 4 16 4 17 4 18 4 19 5 20 5 21 6 22 6 23 6 24 6 25 6 26 6 27 7 28 7 29 7 30 8 31 8 32 8 33 8 34 8 35 8 36 9 37 9 38 9 39 9 40 9 41 9 42 10 43 10 44 11 45 11 46 11 47 12 48 12 49 12 50 13 51 13 52 14 53 14 54 14 55 14 56 15 57 15 58 15 59 16 60 16 61 16 62 16 63 16 64 17 65 17 66 17 67 17 68 17 69 18 70 18 71 19 72 19 73 19 74 19 75 19
setup_map neighbors 1 8,2,27,9,28 2 5,28,4 3 5 4 5,28,29,26,7 5 6,7,52 6 52 7 56,37,52,26 8 9 9 22,27,10,21 10 13,11,21 11 13,12,21 12 18,24,21,13 13 14,16,30,18 14 16,15 15 19,17,16,31 16 17,30 17 31,30 18 44,24,30,32,43 19 20,31 20 33,31 21 22,24,23 22 27,29,28,23 23 24,25,29 24 43,42,36,25 25 26,36,38,37,29 26 29,37 27 28 28 29 30 32,31 31 34,32,33 32 34,50,45,44 33 34,35,59,60,51 34 50,35 35 51,50 36 47,37,39,42 37 38,56,39,40,58 39 47,49,40 40 49,72,41,58 41 58,74,54,55,72 42 43,47 43 47,46,44,45 44 45 45 50,51,65,46 46 65,67,48,64,47 47 48,49 48 49,64 49 71,72,64 50 51 51 66,65,60 52 56,57,53,54 53 54 54 55,58,57 56 57,58 57 58 59 60 60 66,69,62,61,70 61 62,68,67,63,65,66 64 71,67,73 65 66,67 67 73,68 68 73 69 70 71 73,72,75 72 75,74 73 75 74 75
setup_map wastelands 7 11 15 31 38 50 60 71
settings starting_regions 4 8 12 13 19 25 28 32 39 43 44 49 51 55 56 62 65 70 75
settings starting_pick_amount 6
