settings timebank 10000
settings time_per_move 500
settings max_rounds 185
settings your_bot player1
settings opponent_bot player2
setup_map super_regions 1 1 2 6 3 3 4 4 5 2 6 2 7 3 8 2 9 3 10 4 11 5 12 1 13 4 14 5 15 5 16 1 17 3 18 1 19 1
setup_map regions 1 1 2 1 3 2 4 2 5 2 6 2 7 2 8 2 9 3 10 3 11 3 12 3 13 3 14 4 15 4 16 4 17 4 18 5 19 5 20 5 21 6 22 6 23 6 24 7 25 7 26 7 27 7 28 7 29 8 30 8 31 8 32 9 33 9 34 9 35 9 36 9 37 10 38 10 39 10 40 10 41 10 42 10 43 11 44 11 45 11 46 11 47 11 48 12 49 12 50 13 51 13 52 13 53 13 54 13 55 14 56 14 57 14 58 14 59 14 60 15 61 15 62 15 63 15 64 15 65 15 66 16 67 16 68 17 69 17 70 17 71 18 72 18 73 19 74 19
setup_map neighbors 1 2,20,19,18 2 6,20,3 3 6,8,7,4,5 4 5,7,9,21 5 22,7,8,21,32,23 6 29,8,20 8 29,32,33 9 13,21,10,11 10 11 11 12,13 12 13 13 37,40,39,23,21 14 18,15,17,16 15 24,17,18 16 17 17 25,26,28,24 18 19,24 19 20,24 20 29,30,24 21 23 22 23,38,34,32,37,41,36 23 37,38 24 25,30 25 30,27,26 26 28,27 27 45,60,62,31,28,44,61,30 28 60 29 33,30,43,48 30 44,31,43 31 44 32 35,34,33 33 48,35,36,49 34 36,35 35 36 36 56,55,49,42,41 37 39,38,50,42,41 39 40 41 42 42 52,68,50,56 43 48,44 44 48,46,45 45 47,62,67,64,46 46 48,47,66,67 47 67 48 49,66 49 55,66 50 51,52 51 52 52 53,68 53 54,68,73,69 55 58,57,66,56 56 68,59,58 57 59,69,72,71,58,70,66 58 59 59 69,68 60 61 61 62,63 62 64,63 63 64 64 67,65 65 72,67 66 71,67 67 71,72 68 69 69 74,73,70 70 72 71 72 73 74
setup_map wastelands 10 17 24 33 47 49 66 69 73
settings starting_regions 1 5 11 16 19 21 25 29 35 38 46 48 52 58 62 67 68 72 74
settings starting_pick_amount 9
