settings timebank 10000
settings time_per_move 500
settings max_rounds 132
settings your_bot player1
settings opponent_bot player2
setup_map super_regions 1 5 2 3 3 4 4 4 5 1 6 4 7 3 8 3 9 5 10 3 11 3 12 2
setup_map regions 1 1 2 1 3 1 4 1 5 1 6 2 7 2 8 2 9 2 10 2 11 2 12 3 13 3 14 3 15 3 16 4 17 4 18 4 19 4 20 4 21 4 22 5 23 5 24 5 25 6 26 6 27 6 28 6 29 7 30 7 31 7 32 7 33 7 34 8 35 8 36 8 37 8 38 9 39 9 40 9 41 9 42 9 43 9 44 10 45 10 46 10 47 11 48 11 49 11 50 12 51 12 52 12 53 12
setup_map neighbors 1 2 2 3,12,13 3 5,12,4 4 5,6,7 5 7,12,10,9 6 7 7 8,10 8 10,9,11 9 10,15,14,12,11 12 14,13 13 19,14,15 14 15 15 29,20,19 16 18,17 17 18,22,24,21,39 18 21,19,30,20,29 19 20 20 29 21 39,31,30,47 22 38,23,24 23 38,34 24 38,39 25 35,27,34 26 44,28,27,50 27 35,50,36 28 44,46,50,51 29 30,32 30 31,32 31 47,32 32 33,47 33 47 34 35,36,38 35 36 36 50,41,38,37 37 53,52,41,50 38 39,42,41 39 40,47,48,42 40 48,42,43,49,41 41 42 43 49 44 46 45 46 46 51 47 49,48 48 49 50 52,51 51 52 52 53
setup_map wastelands 14 16 17 20 27 44
settings starting_regions 1 9 15 18 23 28 32 34 42 45 47 52
settings starting_pick_amount 4
