settings timebank 10000
settings time_per_move 500
settings max_rounds 182
settings your_bot player2
settings opponent_bot player1
setup_map super_regions 1 3 2 1 3 3 4 1 5 5 6 2 7 1 8 5 9 4 10 2 11 0 12 3 13 4 14 3 15 5 16 3 17 5 18 3
setup_map regions 1 1 2 1 3 1 4 1 5 1 6 2 7 2 8 3 9 3 10 3 11 3 12 3 13 4 14 4 15 4 16 5 17 5 18 5 19 5 20 5 21 6 22 6 23 6 24 7 25 7 26 8 27 8 28 8 29 8 30 8 31 9 32 9 33 9 34 9 35 9 36 9 37 10 38 10 39 10 40 11 41 11 42 12 43 12 44 12 45 13 46 13 47 13 48 13 49 13 50 13 51 13 52 14 53 14 54 14 55 15 56 15 57 15 58 15 59 15 60 16 61 16 62 16 63 16 64 17 65 17 66 17 67 17 68 17 69 17 70 18 71 18 72 18 73 18
setup_map neighbors 1 2 2 24,4,3,5 3 6,5 4 5,24 5 6,7,31,32,24 6 8,7 7 10,8,12,31,34 8 9,10,11 9 11,14,26,13 10 11,38,37,12 11 26,37 12 38,39,27,35,34 13 21,16,14,15 14 26,15 15 21,22,26 16 17,21 17 21,40,18,20,19,41 19 41,40 20 21,41,22,28,23,45 21 22 22 23,26 23 28,26 24 32,25 25 32,42,43 26 38,28,37,29,27 27 38,29,61,39,36,35,60 28 30,46,45,29 29 30,61 30 61,49,50,62,46 31 32,33,34 32 33,43 33 52,43,34,36 34 35,36 35 36 36 60,63,54,53,65,64,52 37 38 38 39 40 41 41 45 42 55,43 43 55,52,44,53 44 53,59,55 45 46,47,48 46 48,49,50 47 48 49 50 50 51,62,67 51 67 52 53 53 54,64,59 54 64 55 56,58,59 56 57,58 57 58 58 70,59 59 71,64,70 60 61,62,63 61 62 62 66,63,67 63 66,65 64 65,72,71,66,68 65 66 66 68,69,67 67 69 68 72,69 70 71,73 71 73,72 72 73
setup_map wastelands 10 24 29 30 36 50 53 68 72
settings starting_regions 4 6 11 14 17 23 25 27 35 39 40 43 45 54 58 63 65 71
settings starting_pick_amount 6
