settings timebank 10000
settings time_per_move 500
settings max_rounds 195
settings your_bot player2
settings opponent_bot player1
setup_map super_regions 1 2 2 6 3 5 4 3 5 3 6 2 7 2 8 2 9 2 10 6 11 5 12 7 13 1 14 3 15 4 16 3 17 0 18 0
setup_map regions 1 1 2 1 3 1 4 1 5 2 6 2 7 2 8 2 9 2 10 2 11 2 12 3 13 3 14 3 15 3 16 3 17 4 18 4 19 4 20 4 21 5 22 5 23 5 24 5 25 6 26 6 27 6 28 6 29 7 30 7 31 7 32 7 33 8 34 8 35 8 36 8 37 9 38 9 39 9 40 9 41 10 42 10 43 10 44 10 45 10 46 10 47 11 48 11 49 11 50 11 51 11 52 11 53 11 54 12 55 12 56 12 57 12 58 12 59 12 60 12 61 13 62 13 63 14 64 14 65 14 66 14 67 15 68 15 69 15 70 15 71 16 72 16 73 16 74 16 75 17 76 17 77 18 78 18
setup_map neighbors 1 2,8,5 2 3,8 3 4,11,37,8,10 4 48,37,39 5 6,8 6 12,9,8,7 7 12 8 9,10 9 12,11,14,10 10 11 11 14,16,38,37,40 12 14,13,17,18,19,15 13 19,15 14 15,16 15 30,19,29,16 16 38,30,40,32 17 22,18,21 18 22,19 19 20,29,22,33 20 29,33 21 22 22 25,33,23,34 23 26,25,24 24 27,26 25 26,34,27,35 26 27 27 28,35 29 33,30,31,54,36 30 32,63,54 31 54 32 64,72,62,63,40 33 36,34,54,42 34 35,42 35 41,42 36 54 37 40,39 38 40 39 40,50,61,48 40 61,62 41 43,42 42 54,43,44 43 45,46,44 44 56,58,45,59,54,55 45 46 47 48,49,52 48 49,50 49 50,51,52 50 68,51,67,61 51 69,68,53,52 52 53 53 69 54 55,63,56 55 56,57,59,76,63 57 64,75,77,65,76,63 58 59,60 59 76,75,60 60 75 61 62,71,67 62 72,71 63 64 64 72,65 65 66,78,72,77 66 72,71,74,78 67 71,68 68 69,71,73 69 70,73 71 72,73,74 73 74 75 77,76 77 78
setup_map wastelands 1 12 22 37 41 44 46 73
settings starting_regions 3 8 14 18 23 26 29 34 40 45 51 55 62 65 68 72 76 78
settings starting_pick_amount 6
