settings timebank 10000
settings time_per_move 500
settings max_rounds 112
settings your_bot player2
settings opponent_bot player1
setup_map super_regions 1 3 2 1 3 5 4 4 5 4 6 3 7 2 8 1 9 2 10 4 11 4
setup_map regions 1 1 2 1 3 1 4 2 5 2 6 2 7 3 8 3 9 3 10 3 11 3 12 4 13 4 14 4 15 4 16 4 17 4 18 5 19 5 20 5 21 5 22 5 23 5 24 6 25 6 26 6 27 7 28 7 29 7 30 8 31 8 32 8 33 8 34 9 35 9 36 9 37 10 38 10 39 10 40 10 41 10 42 11 43 11 44 11 45 11
setup_map neighbors 1 2 2 3,4 3 9,4,8,5,10 4 5 5 6,10 6 11,10 7 8 8 12,10,9,15 9 10 10 15,11,24 11 24,25,29 12 14,15 13 16,14,20,18 14 15,17,16 15 24,17 16 17,20 17 24,34,26,36,20,25 18 22,19,20 19 23,21,22 20 22,35,34 21 22,23 22 44,23,42,35 23 44,43 24 25 25 26,37 26 36 27 28,29 28 39,29,30 29 38,40,39 30 32,39,41,31 31 33 32 41,33 33 41 34 36,35 35 36,42 36 42 37 38 38 40 39 40,41 40 41 42 44 43 44,45 44 45
setup_map wastelands 2 4 23 30 43
settings starting_regions 3 5 10 13 19 25 28 33 36 40 45
settings starting_pick_amount 4
