settings timebank 10000
settings time_per_move 500
settings max_rounds 157
settings your_bot player1
settings opponent_bot player2
setup_map super_regions 1 6 2 2 3 3 4 4 5 3 6 2 7 4 8 3 9 5 10 6 11 5 12 3
setup_map regions 1 1 2 1 3 1 4 1 5 1 6 1 7 1 8 2 9 2 10 2 11 2 12 2 13 3 14 3 15 3 16 3 17 3 18 4 19 4 20 4 21 4 22 5 23 5 24 5 25 5 26 5 27 6 28 6 29 6 30 6 31 7 32 7 33 7 34 7 35 7 36 8 37 8 38 8 39 9 40 9 41 9 42 9 43 9 44 9 45 10 46 10 47 10 48 10 49 10 50 10 51 10 52 11 53 11 54 11 55 11 56 11 57 11 58 11 59 12 60 12 61 12 62 12 63 12
setup_map neighbors 1 3,4,5,2,7,18 2 8,3 3 27,5,8,6 5 7,27 6 27,8,28 7 27,29,18,19 8 9,12,11 9 10,11 11 12 13 14,15,22 14 16,15 15 16,24,22 16 24,17 18 19 19 20,21,29 20 29,37,21,47 21 46,47 22 33,23,32,24 23 32,24,25,26 25 32,35,34,26 26 35 27 30,29,28 28 30,31 29 30,37 30 36,38,37 31 32 32 33,34,39 34 35,52,39 35 52,53 36 38 37 47,38 38 40 39 41,40,52,42,43 40 42 41 52,43 42 43,44 43 52,55,57,44 44 57 45 51,59,46,60,63,49,48,62 46 48 47 48 48 49,51,50 49 51,50,63 52 55,56 53 54 54 56 55 58,56,57 56 58 57 58 59 62,60,61 61 62 62 63
setup_map wastelands 1 2 8 24 50 51
settings starting_regions 6 9 13 19 23 30 34 37 41 49 58 63
settings starting_pick_amount 6
