settings timebank 10000
settings time_per_move 500
settings max_rounds 125
settings your_bot player2
settings opponent_bot player1
setup_map super_regions 1 5 2 3 3 4 4 4 5 2 6 5 7 5 8 4 9 5 10 4
setup_map regions 1 1 2 1 3 1 4 1 5 1 6 2 7 2 8 2 9 2 10 2 11 3 12 3 13 3 14 3 15 3 16 4 17 4 18 4 19 4 20 5 21 5 22 5 23 5 24 6 25 6 26 6 27 6 28 6 29 6 30 7 31 7 32 7 33 7 34 7 35 8 36 8 37 8 38 8 39 9 40 9 41 9 42 9 43 9 44 9 45 9 46 10 47 10 48 10 49 10 50 10
setup_map neighbors 1 2,3 2 4,11,3 3 20,5,4 4 14,11,5,15,21 5 20,21 6 7,16,8 7 8 8 9,38,10,16,36 9 36,35,19,16,18 11 14,13,12,30 12 13 13 30 14 30,15,32 15 31,21,32 16 18,17 17 18 18 19,28 19 35,28 20 21,24 21 24,22,31 22 24,39,31,26,23 23 26,40,39 24 25,26 25 26 26 27,29,40 27 40,28,29,35,46 28 35 29 40 30 32,33 31 39,41,34,32 32 33,34 34 41 35 37,46,48,36 36 37,38 37 47,38,48,50 38 47 39 41,43,42,44,40 40 43,46,42 41 44 42 43 43 45,46 46 48 47 50,49,48 48 50
setup_map wastelands 12 23 41 43 48
settings starting_regions 2 7 13 16 22 27 30 38 40 50
settings starting_pick_amount 5
