settings timebank 10000
settings time_per_move 500
settings max_rounds 195
settings your_bot player2
settings opponent_bot player1
setup_map super_regions 1 1 2 4 3 4 4 1 5 4 6 4 7 2 8 5 9 1 10 3 11 4 12 2 13 3 14 4 15 5 16 4 17 4
setup_map regions 1 1 2 1 3 1 4 2 5 2 6 2 7 2 8 3 9 3 10 3 11 3 12 3 13 3 14 4 15 4 16 4 17 4 18 5 19 5 20 5 21 5 22 5 23 6 24 6 25 6 26 6 27 6 28 7 29 7 30 7 31 7 32 8 33 8 34 8 35 8 36 8 37 8 38 8 39 9 40 9 41 9 42 10 43 10 44 10 45 10 46 11 47 11 48 11 49 11 50 11 51 12 52 12 53 12 54 12 55 13 56 13 57 13 58 13 59 13 60 14 61 14 62 14 63 14 64 15 65 15 66 15 67 15 68 15 69 16 70 16 71 16 72 16 73 16 74 17 75 17 76 17 77 17 78 17
setup_map neighbors 1 2 2 3,4 3 4,9 4 5,9,6,8 5 6 6 7,8 7 8,10 8 11,9,10 9 13,12,11,23 10 11,26 11 24,13,26,25 12 23,29 13 23,24 14 15 15 16,18,28,17 16 17,18 17 18,30,28 18 21,19,42,20,30,46 19 20 20 21,22,36 21 22,43,42 22 45,60,43,37 23 24,29,27,31 24 51,27,25,26 25 26 27 51,53,52,48 28 29,30 29 47,31,46,30 30 46 31 47 32 39,41,40,33,57,55,34,74,35 33 55,56 34 41,35 35 74,37,36,41 36 37 37 75,38,78,74 39 41 40 41 42 44,43,46 43 45,44 44 46,45 45 62,60,46,61 46 47,50,61,49 47 48,49 48 52,49,64 49 50,64 50 64,65,61 51 54,53 52 70,53,64 53 54,69,70 54 69 55 57,74,56,59,58,76 57 74 58 74,76 59 76 60 62 61 65,66,62 62 63,66 63 66 64 70,68,67,65 65 67,66 66 67 67 68,73,70 68 70 69 72,71,70 70 71,72,73 71 72 72 73 74 78,77,75,76 75 78 76 77
setup_map wastelands 4 7 28 46 52 64 70 73
settings starting_regions 3 5 13 16 20 24 29 37 41 43 48 54 55 61 65 72 78
settings starting_pick_amount 7
