settings timebank 10000
settings time_per_move 500
settings max_rounds 110
settings your_bot player1
settings opponent_bot player2
setup_map super_regions 1 5 2 3 3 2 4 5 5 3 6 1 7 5 8 2 9 3 10 3
setup_map regions 1 1 2 1 3 1 4 1 5 1 6 2 7 2 8 2 9 2 10 3 11 3 12 3 13 3 14 4 15 4 16 4 17 4 18 4 19 4 20 4 21 5 22 5 23 5 24 6 25 6 26 6 27 7 28 7 29 7 30 7 31 7 32 7 33 8 34 8 35 8 36 8 37 9 38 9 39 9 40 9 41 9 42 10 43 10 44 10
setup_map neighbors 1 2,3 2 3,15 3 21,16,17,15,4 4 21,5 5 21,23 6 10,8,7 7 8 8 12,24,9,10,25 9 12,33,24,26,34 10 12,11 11 33,13,12 12 33 14 16,15 15 16 16 28,27,18,17 17 19,20,18,21 18 28,20 19 23,20,21,22 20 32,29,28,43 21 22,23 22 23 24 25,26 25 26,27,37 26 34,35 27 29,30,38,28 28 29 29 30,31,32 30 32,38,40,31,44 31 32 32 42,44 33 34,36 34 36,35 37 38 38 39,40,41 39 41 40 44,41 42 43,44 43 44
setup_map wastelands 6 16 19 21 31
settings starting_regions 3 8 12 17 23 26 28 34 39 42
settings starting_pick_amount 4
