settings timebank 10000
settings time_per_move 500
settings max_rounds 197
settings your_bot player1
settings opponent_bot player2
setup_map super_regions 1 2 2 1 3 2 4 3 5 3 6 5 7 1 8 4 9 2 10 4 11 5 12 0 13 6 14 0 15 0 16 2 17 3 18 6 19 4 20 0
setup_map regions 1 1 2 1 3 1 4 1 5 2 6 2 7 3 8 3 9 3 10 3 11 4 12 4 13 4 14 4 15 4 16 4 17 5 18 5 19 5 20 5 21 6 22 6 23 6 24 6 25 6 26 6 27 7 28 7 29 8 30 8 31 8 32 8 33 9 34 9 35 9 36 9 37 10 38 10 39 10 40 10 41 10 42 11 43 11 44 11 45 11 46 11 47 12 48 12 49 13 50 13 51 13 52 13 53 13 54 13 55 14 56 14 57 15 58 15 59 16 60 16 61 16 62 16 63 17 64 17 65 17 66 17 67 18 68 18 69 18 70 18 71 18 72 18 73 18 74 19 75 19 76 19 77 19 78 20 79 20
setup_map neighbors 1 2,21,11,4,22 2 3,4 3 5,4,6,27 4 29,24,22,31,27 5 6,7 6 7,27 7 8,27 8 9,18,28,17,27 9 17,10 10 17 11 13,21,12 12 14,13 13 16,21,15,23,14 14 16 15 16,23,42 17 20,18,19 18 19,33,28 19 33,38,20,34 20 37,38 21 23,22 22 23,24 23 24,25,42 24 26,31,25,45 25 45,44,42 26 31,48,50,45 27 28,33,30,29 28 33 29 30,31 30 33,31,47,32 31 47,48 32 33,49,48,35,47 33 34,35 34 35,38 35 55,53,49,38,36 36 38,39,55 37 40,41,39,38 38 39 39 55,41,40,57,58 40 41 41 57,58,56,78 42 44,43 43 44,59,46,60 44 46,45 45 50,63,46 46 60,63 47 48 48 50,49 49 51,50,52,53 50 51,63,67 51 67,52,68 52 68,53,54 53 54,55,74 54 74,75,68 55 58,74,56 56 77,74,58,79,78 57 58 59 60,61 60 61,63,64,65 61 65,62 63 69,67,64 64 69,65,72,73 65 73,66 67 69,68,71,70 68 71,75,70 69 72,70 70 71,72,75 72 73 74 76,75,77 75 76 76 77 77 79 78 79
setup_map wastelands 10 14 16 17 22 23 43 48 69
settings starting_regions 2 5 9 12 20 21 27 29 33 41 45 47 52 56 57 62 66 68 76 79
settings starting_pick_amount 9
