settings timebank 10000
settings time_per_move 500
settings max_rounds 115
settings your_bot player2
settings opponent_bot player1
setup_map super_regions 1 4 2 4 3 6 4 5 5 7 6 3 7 2 8 4 9 1 10 3
setup_map regions 1 1 2 1 3 1 4 1 5 2 6 2 7 2 8 2 9 2 10 3 11 3 12 3 13 3 14 3 15 3 16 4 17 4 18 4 19 4 20 4 21 5 22 5 23 5 24 5 25 5 26 5 27 5 28 6 29 6 30 6 31 6 32 7 33 7 34 7 35 7 36 8 37 8 38 8 39 8 40 8 41 9 42 9 43 9 44 10 45 10 46 10
setup_map neighbors 1 4,3,2 2 5,3,6 3 32,4,6,28,33 5 10,7,8,6,9 6 9,28 7 8,10,14 8 14,29,9 9 29,28 10 11,14 11 12,14,21 12 13,15,21,23 13 15,16,18 14 21,22 15 18,23 16 17,19,18 17 19 18 19,24,23,20,25 19 20 20 25 21 22,23,26 22 36,26,37 23 24,26,27,25 24 25 25 27 26 37,27,42 27 42,41 28 33,29,30 29 31,33,30 30 33 31 33 32 33,34 33 35,34 36 38,37 37 42,38,44 38 40,44,39 40 44 41 43,42 42 43,45,44 43 45 44 46,45
setup_map wastelands 5 32 36 38
settings starting_regions 3 8 14 18 24 28 34 40 43 44
settings starting_pick_amount 4
