settings timebank 10000
settings time_per_move 500
settings max_rounds 165
settings your_bot player1
settings opponent_bot player2
setup_map super_regions 1 4 2 1 3 4 4 2 5 2 6 5 7 4 8 2 9 2 10 2 11 2 12 4 13 1 14 3 15 3
setup_map regions 1 1 2 1 3 1 4 1 5 1 6 1 7 1 8 2 9 2 10 2 11 3 12 3 13 3 14 3 15 3 16 3 17 3 18 4 19 4 20 4 21 4 22 5 23 5 24 5 25 5 26 6 27 6 28 6 29 6 30 6 31 7 32 7 33 7 34 7 35 8 36 8 37 8 38 8 39 9 40 9 41 9 42 9 43 10 44 10 45 10 46 10 47 11 48 11 49 11 50 11 51 12 52 12 53 12 54 12 55 13 56 13 57 13 58 14 59 14 60 14 61 14 62 14 63 15 64 15 65 15 66 15
setup_map neighbors 1 2 2 5,3 3 4,5 4 7,6,5,8 5 7 6 8,7 8 10,9 9 10 10 11 11 15,12,13,14 12 14,16,17 13 22,15 14 15,16,31 15 22,31,23 16 33,32,17,31 18 19,20,21 19 20,28 20 26,21,29,28 21 26,35 22 23,24 23 47,31,32,25,49 25 33,34,50,49,32 26 44,29 27 28,43 28 30,29,43,46,45 29 44,46 30 46,45 31 32 32 33 33 34 34 63,50,64 35 36,37,59,38 36 44,59,58 37 38 38 61,59,62,48 39 43,51,41,40 40 41 41 42,57,56,53,51,55 42 51,53 43 45,51 44 58,46,45 45 46,52,58,51 47 48,50,49 48 50,66 49 50 50 65,66,63 51 53,52 52 53,54,58,60 54 60 55 56 56 57 58 60,59 59 61,60 61 62 63 65,64 64 65 65 66
setup_map wastelands 4 6 8 26 29 31 52
settings starting_regions 3 10 12 21 22 28 33 37 40 43 47 53 56 61 63
settings starting_pick_amount 6
