settings timebank 10000
settings time_per_move 500
settings max_rounds 127
settings your_bot player1
settings opponent_bot player2
setup_map super_regions 1 5 2 2 3 4 4 4 5 3 6 5 7 1 8 5 9 4 10 1 11 2
setup_map regions 1 1 2 1 3 1 4 1 5 1 6 1 7 2 8 2 9 2 10 2 11 3 12 3 13 3 14 3 15 4 16 4 17 4 18 4 19 4 20 5 21 5 22 5 23 5 24 5 25 6 26 6 27 6 28 6 29 6 30 6 31 7 32 7 33 7 34 8 35 8 36 8 37 8 38 8 39 8 40 8 41 9 42 9 43 9 44 9 45 9 46 10 47 10 48 10 49 11 50 11 51 11
setup_map neighbors 1 2,5,6 2 3,5 3 4,5,8 4 7,9,8 5 6,31,8,34 6 35,34 7 11,10,9 8 31,9,10 9 10 10 31,13,12,11 11 12,15 12 15,17,14,13 13 14,32,31 14 46,19,17 15 16,17 16 17,21,22,19 17 19 18 22,24,19,41,23 19 47,46,41,22 20 21,25,24,42,26,41 21 23,22,24 22 23 23 24 24 41 25 26,27 26 42,27,28,29 28 29 29 45,30,42 30 45 31 33,32,34 32 38,33 33 38,39,36,34 34 36,35 35 37,36 36 39,37 37 39,50,49,51 38 40,49,39 39 49 40 49,51 41 42,43,47 42 43,45 43 47,44,45 44 45 46 47 47 48 49 51 50 51
setup_map wastelands 1 19 21 27 43
settings starting_regions 6 7 12 15 22 30 33 36 42 48 51
settings starting_pick_amount 5
