settings timebank 10000
settings time_per_move 500
settings max_rounds 225
settings your_bot player1
settings opponent_bot player2
setup_map super_regions 1 2 2 1 3 4 4 3 5 5 6 4 7 1 8 4 9 0 10 3 11 1 12 5 13 2 14 3 15 0 16 4 17 0 18 1 19 2 20 4 21 4 22 0 23 3 24 4 25 2
setup_map regions 1 1 2 1 3 1 4 2 5 2 6 3 7 3 8 3 9 3 10 4 11 4 12 4 13 5 14 5 15 5 16 5 17 5 18 6 19 6 20 6 21 6 22 7 23 7 24 8 25 8 26 8 27 8 28 9 29 9 30 10 31 10 32 10 33 10 34 10 35 11 36 11 37 12 38 12 39 12 40 12 41 12 42 12 43 12 44 13 45 13 46 13 47 13 48 14 49 14 50 14 51 14 52 15 53 15 54 16 55 16 56 16 57 16 58 16 59 16 60 17 61 17 62 18 63 18 64 19 65 19 66 19 67 19 68 20 69 20 70 20 71 20 72 21 73 21 74 21 75 21 76 22 77 22 78 23 79 23 80 23 81 23 82 23 83 24 84 24 85 24 86 24 87 25 88 25 89 25 90 25
setup_map neighbors 1 2,4 2 24,28,22,3,25,26,4,5 3 25,5,6 4 5 5 6 6 7,8,9,25 7 8,10,11 8 30,11,12,9 9 30,31,25,37 10 13,12,11 11 12 12 35,30,13 13 19,35,14,18 14 18,15,36,35 15 21,16,36,18,50,49,54,17 16 17,21,60 17 60,54 18 19,20,21 20 21 22 28,23 23 28 24 25,26 25 27,37,26 26 37,29,27,28 27 37 28 29 29 37,38 30 44,35,45,46,31 31 44,32,37 32 44,52,37,34,53,72,33 33 64,37,66,65,72,42,41 34 72 35 45,36,48,49 36 49 37 41,38 38 40,42,41 39 40 40 42,43 41 42 42 64,79,76,78 44 52,47,46,68 45 48,46 46 47,48,62,49 47 62,68 48 49 49 51,55,50,62 50 54,55,51 51 55 52 69,53,68 53 72,69 54 55,60,61,57,58 55 57,56,62 56 63,57,83,62 57 58,83,84 58 61,59 60 61 62 68,63 63 83,68,71 64 65,78 65 73,66,67,82,80,78 66 73,72 67 82,81,80 68 70,71,69 69 74,72,71,70 71 89,85,83,74 72 74,75,73 73 75,87,74,82,90 74 87,75,88,89 76 79,77,80 77 80,81 78 79,80 79 80 80 81 81 82 82 90 83 84,86,85 84 86 85 89,86 87 88,90 88 89
setup_map wastelands 10 17 21 26 29 31 37 39 48 69 84 86
settings starting_regions 1 5 9 12 13 18 23 24 28 30 35 38 46 51 52 55 60 63 64 71 73 77 82 85 87
settings starting_pick_amount 9
