settings timebank 10000
settings time_per_move 500
settings max_rounds 135
settings your_bot player1
settings opponent_bot player2
setup_map super_regions 1 3 2 5 3 3 4 2 5 5 6 4 7 3 8 2 9 2 10 2 11 3 12 2 13 3
setup_map regions 1 1 2 1 3 1 4 1 5 2 6 2 7 2 8 2 9 2 10 3 11 3 12 3 13 4 14 4 15 4 16 4 17 5 18 5 19 5 20 5 21 5 22 5 23 6 24 6 25 6 26 6 27 6 28 7 29 7 30 7 31 7 32 8 33 8 34 8 35 8 36 8 37 9 38 9 39 9 40 10 41 10 42 10 43 11 44 11 45 11 46 11 47 12 48 12 49 12 50 12 51 13 52 13 53 13 54 13
setup_map neighbors 1 3,2,23 2 4,3,5,9,7,8 3 24,4,25,23 4 25,9 5 6,7 6 10,7 7 8,10,11 8 11,12,28,30,29,9 9 29,41,25 10 11,12 11 12 12 37,28 13 14,18,15,16 15 16,18 16 22,18,21,51 17 19,18 18 19,21 19 20,21 20 36,47,21,33,32 21 22,47 22 51,47,52 23 25,24,26,27 24 25 25 40,26,27,41 26 35,27,41,40 28 37,30,29,43 29 31,45,41,44,30,43 31 43,45 32 35,34,33 33 36,34 34 35,36,48 36 47,48 37 38,43 38 43,39,45 40 41 41 44,42 43 45 44 45,46 45 46 47 52,49,48,50 48 50 49 50,52 51 53,52 52 54,53 53 54
setup_map wastelands 5 9 23 26 35 51
settings starting_regions 3 7 11 16 22 25 28 32 38 41 45 49 53
settings starting_pick_amount 5
